######################################################################  RAVENS
Baltimore Ravens, BAL
QB,Joe Flacco,31,2008,69,68,76,68,70,44,44.55,22.1
QB,Ryan Mallett,28,2011,59,51,68,78,63,16,16.2,0.8
QB,Josh Johnson,30,2008,59,52,74,70,59,51,51.03,0.6
RB,Trent Richardson,25,2012,66,59,76,64,70,50,50.22,0.7
RB,Terrance West,25,2014,66,55,73,53,70,63,63.18,0.6
RB,Javorius Allen,24,2015,63,42,72,66,71,54,54.27,0.7
RB,Lorenzo Taliaferro,24,2014,62,46,73,72,69,52,52.65,0.6
RB,Kyle Juszczyk,25,2013,61,59,75,66,65,46,46.17,0.6
RB,Justin Forsett,30,2008,49,67,71,51,69,75,75.33,3
WR,Kaelin Clay,24,2015,59,46,65,59,73,70,70.47,0.5
WR,Steve Smith Sr,37,2001,59,77,71,72,67,70,70.47,3.5
WR,Michael Campanaro,25,2014,58,52,70,65,72,66,66.42,0.6
WR,Darren Waller,23,2015,59,38,73,61,72,42,42.93,0.6
WR,Breshad Perriman,22,2015,71,42,72,62,78,66,66.42,2.2
WR,Dennis Pitta,30,2010,63,65,55,71,64,43,43.74,6.4
WR,Maxx Williams,22,2015,71,41,70,67,64,55,55.08,1
WR,Benjamin Watson,35,2004,62,66,68,58,63,48,48.6,3.5
WR,Kamar Aiken,27,2011,49,59,74,63,71,60,60.75,2.6
WR,Mike Wallace,29,2009,62,68,74,71,74,69,69.66,5.8
OL,Ryan Jensen,25,2013,58,42,74,72,67,61,61.56,0.6
OL,Marshal Yanda,31,2007,68,72,75,76,80,72,72.9,8
OL,Vladimir Ducasse,28,2010,67,59,72,74,65,55,55.08,0.5
OL,Ronnie Stanley,22,2016,85,63,68,70,73,72,72.09,5.1
OL,James Hurst,24,2014,50,57,70,63,62,55,55.89,0.5
OL,Jeremy Zuttah,30,2008,61,67,75,69,74,59,59.13,4.1
OL,John Urschel,24,2014,58,60,76,70,62,68,68.04,0.6
OL,Eugene Monroe,29,2009,78,70,72,72,60,72,72.9,7.5
K,Sam Koch,33,2006,51,71,68,73,70,63,63.99,3.3
K,Justin Tucker,26,2012,48,68,76,79,76,59,59.94,4.6
S,Terrence Brooks,25,2014,66,42,67,61,73,63,63.99,0.7
S,Kendrick Lewis,30,2010,59,63,65,63,69,69,69.66,1.8
S,Matt Elam,24,2013,69,51,72,52,72,72,72.9,1.7
S,Eric Weddle,31,2007,64,74,76,73,75,62,62.37,6.5
CB,Jerraud Powers,28,2009,62,66,72,69,72,40,40.5,1.8
CB,Will Davis,26,2013,65,53,68,60,72,37,37.26,0.7
CB,Lardarius Webb,30,2009,62,67,71,64,73,48,48.6,5.4
CB,Jimmy Smith,27,2011,68,63,71,72,72,56,56.7,10.3
CB,Kyle Arrington,29,2008,46,66,71,68,71,38,38.07,2.3
CB,Jumal Rolle,26,2013,50,51,73,60,73,36,36.45,0.6
CB,Shareece Wright,29,2011,63,59,68,56,71,50,50.22,4.3
CB,Anthony Levine,29,2010,48,56,71,63,72,54,54.27,1.1
CB,Sheldon Price,25,2013,51,42,66,55,70,31,31.59,0.5
DL,Brent Urban,25,2014,62,40,59,63,61,69,69.66,0.6
DL,Carl Davis,24,2015,67,42,68,71,63,70,70.47,0.7
DL,Lawrence Guy,26,2011,51,58,74,68,66,63,63.18,1.2
DL,Kapron Lewis-Moore,26,2013,57,44,59,72,66,71,71.28,0.6
DL,Timmy Jernigan,23,2014,70,56,72,68,67,69,69.66,1.1
DL,CJ Mosley,24,2014,74,63,71,68,68,63,63.18,2.2
LB,Elvis Dumervil,32,2006,55,74,67,60,68,75,75.33,5.2
LB,Za'Darius Smith,23,2015,67,42,71,64,64,47,47.79,0.7
LB,Chris Carter,27,2011,59,55,68,61,47,58,58.32,1
LB,Arthur Brown,26,2013,69,50,74,70,51,58,58.32,0.9
LB,Terrell Suggs,33,2003,65,76,71,74,78,70,70.47,5.2
LB,Albert McClellan,30,2010,47,57,73,63,68,56,56.7,1.3
END_PLAYERS
######################################################################  BENGALS
Cincinnati Bengals, CIN
QB,Andy Dalton,28,2011,68,65,77,69,63,16,16.2,16
QB,AJ McCarron,25,2014,63,52,76,68,60,35,35.64,0.6
RB,Giovani Bernard,24,2013,69,62,68,45,70,70,70.47,5.2
RB,Jeremy Hill,23,2014,70,63,76,76,71,63,63.99,0.9
RB,Rex Burkhead,25,2013,57,55,70,47,64,61,61.56,0.6
RB,Cedric Peerman,29,2009,55,56,68,42,72,63,63.99,1.1
WR,AJ Green,27,2011,80,70,76,84,70,68,68.04,15
WR,Brandon Tate,28,2009,62,63,63,58,71,69,69.66,1
WR,James Wright,24,2014,54,51,74,62,72,61,61.56,0.6
WR,Brandon LaFell,29,2010,63,67,76,71,68,52,52.65,2.5
WR,Mario Alford,25,2015,55,42,73,61,78,68,68.85,0.6
WR,Tyler Eifert,25,2013,73,50,72,68,66,43,43.74,2.1
OL,Cedric Ogbuehi,24,2015,75,52,59,66,65,68,68.85,2.3
OL,Clint Boling,27,2011,63,67,78,66,72,64,64.8,5.2
OL,Andrew Whitworth,34,2006,63,77,72,76,72,79,79.38,9
OL,Eric Winston,32,2006,64,68,72,66,59,58,58.32,1.1
OL,Trey Hopkins,23,2014,51,43,73,70,66,59,59.94,0.5
OL,Russell Bodine,23,2014,66,60,75,78,66,59,59.94,0.7
OL,TJ Johnson,25,2013,54,52,74,69,61,60,60.75,0.6
OL,Jake Fisher,23,2015,71,48,67,62,60,70,70.47,1.1
OL,Kevin Zeitler,26,2012,68,67,63,73,74,68,68.85,1.9
K,Zach Hocker,24,2014,55,45,76,72,64,56,56.7,0.6
K,Mike Nugent,34,2005,63,62,72,73,67,50,50.22,1.8
K,Kevin Huber,30,2009,58,67,76,71,72,56,56.7,2.8
S,George Iloka,26,2012,60,63,76,75,71,68,68.04,6
S,Derron Smith,24,2015,59,44,65,65,72,60,60.75,0.6
S,Shawn Williams,25,2013,65,42,76,58,74,68,68.85,5
CB,William Jackson III,23,2016,76,52,68,65,72,56,56.7,2.4
CB,Josh Shaw,24,2015,67,34,63,63,74,40,40.5,0.7
CB,Dre Kirkpatrick,26,2012,72,56,68,70,73,59,59.13,2.2
CB,Adam Jones,32,2005,76,68,71,66,74,40,40.5,7.3
CB,Leon Hall,31,2007,52,72,70,70,74,50,50.22,9.8
CB,Darqueze Dennard,24,2014,74,49,70,60,72,52,52.65,2
CB,Chykie Brown,29,2011,60,58,67,61,72,36,36.45,0.8
CB,Chris Lewis-Harris,27,2012,49,54,74,62,70,44,44.55,0.6
DL,Marcus Hardison,24,2015,63,34,70,66,53,54,54.27,0.7
DL,Michael Bennett,24,2015,51,43,70,62,54,57,57.51,0.5
DL,Domata Peko,31,2006,59,70,74,70,55,58,58.32,4.5
DL,Pat Sims,30,2008,61,61,70,72,62,63,63.18,1.2
DL,Will Clarke,25,2014,66,43,70,61,63,61,61.56,0.7
DL,Carlos Dunlap,27,2010,67,65,69,63,54,58,58.32,7.9
DL,Michael Johnson,29,2009,66,63,71,59,51,55,55.89,5
DL,Geno Atkins,28,2010,63,70,68,80,75,66,66.42,10.7
DL,Brandon Thompson,26,2012,64,50,72,73,63,58,58.32,0.8
DL,Margus Hunt,28,2013,70,48,68,71,64,59,59.94,0.9
LB,Rey Maualuga,29,2009,66,71,72,70,60,68,68.04,5
LB,Vontaze Burfict,25,2012,48,63,77,72,66,69,69.66,4.8
LB,Jayson Dimanche,25,2013,50,52,73,59,50,51,51.84,0.7
LB,Vincent Rey,28,2010,47,60,75,70,47,63,63.18,3.5
LB,Karlos Dansby,34,2004,62,76,72,75,58,78,78.57,2
LB,Marquis Flowers,24,2014,58,50,73,55,46,52,52.65,0.6
END_PLAYERS
######################################################################  SHARKS
Hull Sharks, UHS
QB,Sam Foulds,25,2014,81,72,63,76,81,85,85.5,8
QB,Seb Burggy,25,2014,76,67,76,85,67,72,72,4
QB,Seb G,31,2012,67,81,72,81,85,81,81,15
RB,Alan DeSouza,23,2014,76,58,81,76,72,63,63,2
RB,Madou Larsen,32,2015,63,76,67,85,76,63,63,10
RB,Eddie Collison,25,2014,81,67,72,81,72,67,67.5,5
RB,Eric Sea,27,2015,76,81,72,76,81,76,76.5,6
WR,Yinka Dynamo,23,2015,72,67,63,72,63,67,67.5,2
WR,Ben Weemes,23,2016,76,76,85,63,58,58,58.5,1.8
WR,W Choc,22,2011,81,76,81,85,81,81,81,3.4
WR,Joe Joe,21,2008,85,72,72,81,76,72,72,4.1
WR,Jonathan Ley,27,2014,76,85,81,85,72,72,72,5
WR,Michael Sonariwo,27,2010,81,67,76,85,85,85,85.5,10
OL,Pete Niles,23,2015,76,72,72,72,63,72,72,3
OL,Romo Romo,36,2008,63,72,54,67,63,67,67.5,3
OL,Tom Brass,23,2012,76,63,63,63,63,63,63,5
OL,Niall Blackburn,26,2012,81,67,72,81,76,76,76.5,3
OL,Keanu Ebanks,25,2013,81,81,72,85,81,81,81,3
OL,Will Cooper,23,2007,76,67,81,72,72,76,76.5,5
OL,Lewis Worrell,26,2014,85,85,81,85,85,81,81,4
K,Glenn Agyema,26,2014,76,72,81,82,76,63,63,0.5
K,Alex Kershaw,26,2004,72,63,76,84,83,56,56.7,0.5
S,Will Hobbs,30,2013,72,81,67,81,81,72,72,7
S,Goerge Horsley,23,2013,81,76,81,76,72,76,76.5,3
CB,Jiachen Chen,27,2014,67,76,85,72,72,81,81,3.2
CB,Sam Kelsall,22,2006,76,76,81,81,76,76,76.5,7
CB,Kobby Koranteng ,22,2015,49,54,49,45,45,45,45,2
CB,Wako Anindo,26,2014,67,67,81,63,67,67,67.5,2.5
CB,Amin Amin,22,2010,72,63,72,72,72,67,67.5,3
DL,Chris Williams,22,2009,76,63,76,81,72,72,72,6.8
DL,Deji Adeboye,23,2015,85,72,85,85,85,85,85.5,2.9
DL,Dayo Ogunjimi,26,2015,81,81,81,81,81,81,81,9
DL,Ben Chapmen,23,2012,76,63,76,76,63,63,63,3.2
DL,Jack Phelps,32,2009,58,58,63,76,85,63,63,8.1
DL,Biggie E,32,2013,58,54,63,81,81,76,76.5,4.1
DL,Felix Eguabor,28,2015,49,45,58,81,81,72,72,2
LB,Jesse Gyami,22,2013,76,67,67,67,72,63,63,5
LB,Dave Iles,27,2012,58,85,63,81,81,85,85.5,6
LB,Calvin Pritchard,27,2013,58,72,76,72,76,63,63,7
LB,Ryan Bartram,27,2012,67,76,76,63,76,63,63,6
LB,Ken Kenzie,30,2014,75,70,80,90,90,80,80,3
END_PLAYERS
######################################################################  STEELERS
Pittsburgh Steelers, PIT
QB,Bruce Gradkowski,33,2006,57,66,78,70,67,31,31.5,1
QB,Ben Roethlisberger,34,2004,78,85,81,93,90,69,69.3,21.9
QB,Landry Jones,27,2013,69,47,85,82,69,18,18,0.6
RB,David Johnson,28,2009,55,47,81,70,80,59,59.4,0.8
RB,Fitzgerald Toussaint,26,2014,55,76,76,45,76,72,72,0.6
RB,Le'Veon Bell,24,2013,90,71,84,84,88,94,94.5,1
RB,Daryl Richardson,26,2012,60,59,76,42,79,73,73.8,0.6
RB,DeAngelo Williams,33,2006,71,78,79,39,76,72,72.9,2
WR,Markus Wheaton,25,2013,74,67,83,71,80,74,74.7,0.7
WR,Ladarius Green,26,2012,72,62,74,72,80,63,63,5
WR,Darrius Heyward-Bey,29,2009,87,66,77,63,82,66,66.6,1.3
WR,Sammie Coates,23,2015,74,43,79,68,81,58,58.5,0.7
WR,Martavis Bryant,24,2014,73,63,83,78,90,88,88.2,0.7
WR,Antonio Brown,27,2010,90,86,84,98,90,95,95.4,8.4
OL,Chris Hubbard,25,2013,55,54,81,69,65,72,72.9,0.6
OL,BJ Finney,24,2015,57,56,82,68,67,70,70.2,0.5
OL,Cody Wallace,31,2008,70,64,84,76,66,72,72.9,1.2
OL,Ryan Harris,31,2007,72,75,56,75,70,76,76.5,2
OL,Alejandro Villanueva,27,2014,56,45,79,69,63,68,68.4,0.5
OL,David DeCastro,26,2012,81,70,82,84,74,79,79.2,2
OL,Ramon Foster,30,2009,51,73,78,79,70,77,77.4,3.2
OL,Marcus Gilbert,28,2011,75,71,84,81,75,76,76.5,6.2
OL,Maurkice Pouncey,26,2010,79,72,82,81,81,80,80.1,8.8
K,Shaun Suisham,34,2005,47,69,79,78,86,60,60.3,3.2
K,Chris Boswell,25,2014,56,45,84,82,65,63,63.9,0.5
S,Mike Mitchell,29,2009,73,68,81,64,80,81,81,5
S,Shamarko Thomas,25,2013,72,49,76,68,83,81,81,0.7
S,Robert Golden,25,2012,54,53,82,63,79,59,59.4,1.7
S,Ross Ventrone,29,2010,54,59,79,58,80,58,58.5,0.6
S,Will Allen,33,2004,58,70,79,64,74,45,45,1.1
CB,Doran Grant,23,2015,74,49,82,74,83,57,57.6,0.5
CB,Senquez Golson,22,2015,79,54,79,76,82,37,37.8,1
CB,Artie Burns,21,2016,81,58,76,76,81,63,63,2.4
CB,William Gay,31,2007,63,83,83,78,80,62,62.1,2.5
CB,Ross Cockrell,24,2014,73,55,83,72,83,59,59.4,0.6
DL,Cameron Heyward,27,2011,75,74,79,81,80,79,79.2,9.9
DL,Stephon Tuitt,23,2014,78,64,75,81,73,73,73.8,1.2
DL,Brian Mihalik,23,2015,62,49,78,73,64,65,65.7,0.5
DL,Ricardo Mathews,28,2010,56,65,79,74,73,64,64.8,0.8
DL,Clifton Geathers,28,2010,58,63,85,72,73,71,71.1,0.8
DL,Daniel McCullers,23,2014,64,53,79,79,67,77,77.4,0.6
LB,Bud Dupree,23,2015,83,57,81,73,76,47,47.7,2.3
LB,Vince Williams,26,2013,63,64,72,76,69,64,64.8,0.6
LB,Jarvis Jones,26,2013,81,59,72,66,79,59,59.4,2.2
LB,Jordan Zumwalt,24,2014,64,45,76,69,64,63,63.9,0.6
LB,Ryan Shazier,24,2014,82,61,79,76,72,59,59.4,2.4
LB,Lawrence Timmons,30,2007,76,81,82,83,80,79,79.2,9.6
LB,Steven Johnson,28,2012,54,63,76,73,57,62,62.1,0.8
LB,James Harrison,38,2002,45,83,81,73,81,79,79.2,1.4
LB,Anthony Chickillo,23,2015,65,49,82,71,65,72,72,0.5
LB,Arthur Moats,28,2010,61,70,79,72,80,70,70.2,2.5
END_PLAYERS
######################################################################  BILLS
Buffalo Bills, BUF
QB,Tyrod Taylor,26,2011,75,58,78,81,67,56,56.7,1.1
QB,EJ Manuel,26,2013,64,58,78,83,67,59,59.4,2.2
RB,Karlos Williams,23,2015,70,49,72,75,81,57,57.6,0.6
RB,Mike Gillislee,25,2013,69,46,79,57,77,68,68.4,0.6
RB,LeSean McCoy,27,2009,78,78,81,53,79,75,75.6,8
RB,James Wilder Jr,24,2014,57,42,76,78,68,47,47.7,0.5
RB,Jerome Felton,29,2008,63,73,84,63,70,45,45,2.3
RB,Dan Herron,27,2012,64,67,72,69,76,65,65.7,0.5
WR,Sammy Watkins,23,2014,91,66,81,80,82,84,84.6,5
WR,Leonard Hankerson,27,2011,71,65,74,72,81,58,58.5,0.8
WR,Marquise Goodwin,25,2013,73,60,81,66,85,64,64.8,0.7
WR,Dezmin Lewis,23,2015,62,40,78,78,81,64,64.8,0.5
WR,Charles Clay,27,2011,66,72,87,79,72,58,58.5,7.6
WR,Robert Woods,24,2013,77,67,84,76,81,69,69.3,1.2
WR,Walter Powell,24,2014,65,45,79,72,81,77,77.4,0.6
WR,Greg Salas,27,2011,72,61,71,73,76,60,60.3,0.8
WR,Marcus Easley,28,2010,72,58,65,66,80,52,52.2,1.8
OL,John Miller,22,2015,74,56,76,77,75,67,67.5,0.7
OL,Cyril Richardson,25,2014,70,49,82,80,72,62,62.1,0.6
OL,Eric Wood,30,2009,73,77,72,78,73,72,72,6.4
OL,Cyrus Kouandjio,22,2014,79,44,70,75,74,64,64.8,1.2
OL,Jordan Mills,25,2013,68,64,83,74,74,62,62.1,1.7
OL,Cordy Glenn,26,2012,76,72,80,83,75,82,82.8,12
OL,Seantrel Henderson,24,2014,60,63,73,74,70,73,73.8,0.6
OL,Richie Incognito,32,2005,67,65,71,83,73,70,70.2,5.3
OL,Fernando Velasco,31,2008,53,71,79,74,68,71,71.1,1
OL,Ryan Groy,25,2014,55,52,86,77,66,71,71.1,0.6
K,Colton Schmidt,25,2013,55,59,82,78,79,57,57.6,0.6
K,Dan Carpenter,30,2008,50,72,74,86,83,52,52.2,2.5
K,Jordan Gay,26,2013,55,57,81,85,70,63,63,0.6
S,Jonathan Meeks,26,2013,69,44,83,66,75,64,64.8,0.6
S,Colt Anderson,30,2009,52,57,76,63,80,61,61.2,0.8
S,Robert Blanton,26,2012,67,69,86,73,81,66,66.6,0.8
S,Duke Williams,25,2013,72,54,84,72,80,74,74.7,0.7
S,Jonathan Dowling,24,2014,61,49,79,68,81,69,69.3,0.6
S,Aaron Williams,26,2011,75,67,81,72,79,61,61.2,6.5
CB,Mario Butler,27,2011,56,57,85,66,80,36,36,0.6
CB,Stephon Gilmore,25,2012,81,70,84,89,84,61,61.2,3
CB,Ronald Darby,22,2015,79,50,78,64,82,35,35.1,1.1
CB,Nickell Robey,24,2013,54,66,78,70,82,39,39.6,2.1
CB,Corey White,26,2012,67,62,87,71,79,72,72,0.8
CB,Corey Graham,30,2007,63,74,79,82,80,49,49.5,4.1
CB,Sterling Moore,26,2011,53,70,82,75,81,55,55.8,0.8
CB,Sammy Seamster,25,2014,56,37,82,66,81,39,39.6,0.5
DL,Max Valles,21,2015,66,43,82,58,71,37,37.8,0.5
DL,Corbin Bryant,28,2011,54,61,79,77,67,59,59.4,1.7
DL,Jerry Hughes,27,2010,74,72,81,59,63,61,61.2,9
DL,Lavar Edwards,26,2013,69,58,85,64,71,63,63,0.6
DL,Jerel Worthy,26,2012,78,58,82,73,68,67,67.5,0.6
DL,Kyle Williams,33,2006,62,85,73,81,82,81,81.9,7.4
DL,Manny Lawson,31,2006,76,72,83,64,52,67,67.5,3
DL,Marcell Dareus,26,2011,89,73,84,93,82,84,84.6,16.1
DL,Shaq Lawson,22,2016,85,58,76,81,79,76,76.5,2.6
DL,TJ Barnes,26,2013,55,60,77,81,68,71,71.1,0.6
LB,Preston Brown,23,2014,78,67,87,76,59,69,69.3,0.8
LB,Kevin Reddick,26,2013,55,54,80,71,54,63,63.9,0.6
LB,Randell Johnson,25,2014,64,59,76,68,73,49,49.5,0.6
LB,Lorenzo Alexander,33,2005,49,72,81,71,78,73,73.8,0.9
LB,Zach Brown,26,2012,76,66,81,76,59,64,64.8,1.3
LB,Jamari Lattimore,27,2011,54,65,81,72,60,64,64.8,0.5
END_PLAYERS
######################################################################  DOLPHINS
Miami Dolphins, MIA
QB,Zac Dysert,26,2013,62,49,81,76,65,27,27,0.5
QB,Logan Thomas,23,2014,74,46,79,84,64,62,62.1,0.6
QB,Matt Moore,31,2007,50,68,81,73,65,18,18,1.8
QB,Ryan Tannehill,27,2012,74,70,84,81,78,60,60.3,19.3
RB,Daniel Thomas,28,2011,76,49,76,54,76,72,72,0.8
RB,Isaiah Pead,26,2012,78,58,75,41,81,67,67.5,0.7
RB,Damien Williams,24,2014,55,46,80,60,81,74,74.7,0.5
RB,Jay Ajayi,23,2015,70,46,66,62,78,72,72.9,0.6
RB,Arian Foster,30,2009,72,74,63,76,77,66,66.6,1.2
WR,Dion Sims,25,2013,72,55,71,66,71,41,41.4,0.7
WR,Kenny Stills,24,2013,68,69,82,78,82,76,76.5,0.6
WR,Jarvis Landry,23,2014,78,68,81,81,77,59,59.4,0.9
WR,Jordan Cameron,27,2011,71,67,76,78,76,66,66.6,7.5
WR,Matt Hazel,24,2014,65,49,81,69,79,64,64.8,0.5
WR,Griff Whalen,26,2012,54,64,83,72,76,65,65.7,0.7
WR,DeVante Parker,23,2015,83,54,70,78,81,56,56.7,2.7
OL,Anthony Steen,26,2014,57,45,77,72,66,71,71.1,0.5
OL,Jermon Bushrod,31,2007,63,76,82,81,64,78,78.3,1.5
OL,Shelley Smith,29,2010,58,66,79,72,72,65,65.7,0.7
OL,Jacques McClendon,28,2010,66,63,67,77,72,66,66.6,0.8
OL,Mike Pouncey,26,2011,80,72,85,79,78,72,72.9,9
OL,Billy Turner,24,2014,79,57,85,76,70,75,75.6,0.8
OL,Dallas Thomas,26,2013,72,65,81,74,67,64,64.8,0.7
OL,Ja'Wuan James,24,2014,82,66,86,74,71,72,72.9,2.1
OL,Jamil Douglas,24,2015,74,47,83,76,63,72,72.9,0.7
OL,Vinston Painter,26,2013,70,50,74,76,68,69,69.3,0.5
OL,Sam Young,28,2010,62,66,83,74,69,68,68.4,0.9
OL,Branden Albert,31,2008,77,79,80,81,78,84,84.6,9.4
OL,Kraig Urbik,30,2009,69,76,85,83,63,76,76.5,1.3
OL,Laremy Tunsil,21,2016,85,63,76,79,81,82,82.8,3.1
K,Andrew Franks,23,2015,56,58,76,72,72,63,63,0.5
K,Matt Darr,23,2015,56,58,76,72,72,63,63,0.5
S,Reshad Jones,28,2010,65,72,81,73,79,79,79.2,7
S,Walt Aikens,25,2014,69,43,83,75,80,62,62.1,0.7
S,Michael Thomas,27,2012,54,48,81,65,80,60,60.3,0.7
S,Isa Abdul-Quddus,27,2011,54,56,79,68,81,66,66.6,4.3
S,Louis Delmas,29,2009,58,71,69,76,81,73,73.8,2.3
CB,Tyler Patmon,25,2014,55,55,84,69,78,42,42.3,0.6
CB,Byron Maxwell,28,2011,66,71,78,82,79,67,67.5,10.5
CB,Chimdi Chekwa,27,2011,72,56,84,65,83,45,45,0.8
CB,Bobby McCain,22,2015,70,36,75,75,80,36,36,0.6
CB,Ifo Ekpre-Olomu,22,2015,62,49,60,68,78,44,44.1,0.6
DL,Earl Mitchell,28,2010,70,72,81,72,75,61,61.2,4
DL,Andre Branch,26,2012,76,63,80,61,74,60,60.3,2.8
DL,Dion Jordan,26,2013,91,46,76,59,57,63,63,5.1
DL,Mario Williams,31,2006,84,77,81,89,78,66,66.6,8.5
DL,Cameron Wake,34,2005,51,78,82,86,86,66,66.6,7.5
DL,Ndamukong Suh,29,2010,88,75,83,97,87,82,82.8,19.1
DL,Jordan Phillips,23,2015,79,40,67,79,68,76,76.5,1.1
DL,Terrence Fede,24,2014,60,51,84,68,61,65,65.7,0.6
DL,Charles Tuaau,24,2015,57,41,81,75,67,74,74.7,0.5
DL,Jason Jones,30,2008,72,67,82,76,76,67,67.5,0.5
DL,DeAndre Coleman,25,2014,56,46,85,79,64,69,69.3,0.6
LB,James-Michael Johnson,26,2012,72,64,81,74,49,68,68.4,0.8
LB,Kiko Alonso,25,2013,82,76,76,82,63,84,84.6,1.1
LB,Jelani Jenkins,24,2013,72,67,76,69,60,69,69.3,0.7
LB,Spencer Paysinger,27,2011,53,72,81,74,55,70,70.2,0.8
LB,Zach Vigil,25,2015,56,48,81,68,48,50,50.4,0.5
LB,Koa Misi,29,2010,74,75,81,81,77,79,79.2,4.3
LB,Chris McCain,24,2014,55,60,83,59,60,61,61.2,0.5
END_PLAYERS
######################################################################  PATRIOTS
New England Patriots, NE
QB,Jimmy Garoppolo,24,2014,78,63,85,81,72,42,42.3,0.9
QB,Jacoby Brisett,23,2016,73,55,81,84,69,70,70.2,0.8
QB,Tom Brady,38,2000,52,89,81,93,96,18,18,20.5
RB,Dion Lewis,25,2011,76,59,68,46,78,74,74.7,1.3
RB,James Develin,27,2010,54,71,82,70,61,33,33.3,0.8
RB,LeGarrette Blount,29,2010,52,72,78,86,74,55,55.8,1
RB,Tyler Gaffney,25,2014,64,54,71,75,80,48,48.6,0.5
RB,Brandon Bolden,26,2012,54,63,77,74,78,49,49.5,1.2
RB,Joey Iosefa,25,2015,62,36,70,72,71,43,43.2,0.5
RB,James White,24,2014,69,48,79,57,77,67,67.5,0.7
WR,Chris Hogan,27,2011,54,59,79,72,75,44,44.1,4
WR,Rob Gronkowski,27,2010,74,77,65,93,73,45,45,9
WR,Julian Edelman,30,2009,55,81,79,94,75,76,76.5,4.3
WR,Danny Amendola,30,2008,51,80,70,79,73,78,78.3,4.1
WR,Matthew Slater,30,2008,63,72,81,66,77,63,63,2
WR,Aaron Dobson,24,2013,77,60,75,71,82,63,63.9,0.9
WR,Keshawn Martin,26,2012,72,63,79,70,81,78,78.3,1.5
WR,Nate Washington,32,2005,47,78,84,77,75,72,72,1.1
WR,Martellus Bennett,29,2008,73,72,80,76,70,31,31.5,5.1
WR,Clay Harbor,28,2010,65,63,80,67,74,63,63.9,1.5
WR,Chris Harper,22,2015,57,44,85,66,77,60,60.3,0.5
OL,Sebastian Vollmer,31,2009,73,79,70,82,75,83,83.7,4.2
OL,Cameron Fleming,23,2014,69,58,83,76,74,65,65.7,0.6
OL,Jonathan Cooper,26,2013,91,57,71,79,70,72,72.9,3.6
OL,Nate Solder,28,2011,80,76,78,78,79,72,72.9,10
OL,Bryan Stork,25,2014,73,70,70,72,77,72,72.9,0.7
OL,Shaq Mason,22,2015,70,37,81,77,78,59,59.4,0.7
OL,LaAdrian Waddle,24,2013,54,66,79,78,69,82,82.8,1.2
OL,Marcus Cannon,28,2011,66,66,78,81,71,73,73.8,4.5
OL,Josh Kline,26,2013,54,58,81,74,73,67,67.5,1.7
K,Ryan Allen,26,2013,54,63,85,81,79,63,63,2
K,Stephen Gostkowski,32,2006,66,80,79,93,94,55,55.8,4.3
S,Nate Ebner,26,2012,63,54,85,56,80,81,81.9,1.2
S,Brock Vereen,23,2014,70,59,82,70,83,70,70.2,0.6
S,Devin McCourty,28,2010,74,80,85,86,81,56,56.7,9.5
S,Duron Harmon,25,2013,72,57,82,69,79,67,67.5,0.7
S,Jordan Richards,23,2015,79,39,83,59,81,68,68.4,0.9
S,Patrick Chung,28,2009,73,72,83,76,81,76,76.5,2.7
S,Cedric Thompson,23,2015,71,35,81,62,81,62,62.1,0.5
CB,Malcolm Butler,26,2014,55,63,81,84,78,54,54,0.5
CB,Logan Ryan,25,2013,72,66,84,79,81,59,59.4,0.7
CB,EJ Biggers,29,2009,61,66,81,66,83,32,32.4,0.8
CB,Darryl Roberts,25,2015,61,37,71,62,85,55,55.8,0.6
DL,Ishmaa'ily Kitchen,27,2012,58,61,74,81,68,72,72,0.7
DL,Malcolm Brown,22,2015,77,63,78,81,66,75,75.6,1.9
DL,Terrance Knighton,29,2009,73,74,84,83,72,83,83.7,1.8
DL,Markus Kuhn,30,2012,58,63,82,77,65,68,68.4,1.2
DL,Anthony Johnson,23,2014,56,52,82,70,68,68,68.4,0.6
DL,Frank Kearse,27,2011,58,61,79,81,58,69,69.3,0.8
DL,Chris Long,31,2008,87,74,77,80,75,70,70.2,2.4
DL,Rob Ninkovich,32,2006,62,81,82,68,79,65,65.7,3.5
DL,Trey Flowers,22,2015,74,49,84,78,74,75,75.6,0.7
DL,Jabaal Sheard,27,2011,75,68,80,69,61,74,74.7,5.5
DL,Alan Branch,31,2007,72,72,78,82,69,74,74.7,2.2
DL,Kelcy Quarles,24,2014,56,47,81,75,70,65,65.7,0.5
LB,Jonathan Freeny,27,2011,54,63,78,67,72,60,60.3,1.8
LB,Jamie Collins,26,2013,77,74,86,82,83,75,75.6,0.9
LB,Rufus Johnson,25,2013,65,52,77,68,74,49,49.5,0.5
LB,Shea McClellin,26,2012,81,69,81,79,62,67,67.5,3
LB,Dont'a Hightower,26,2012,76,75,81,85,79,78,78.3,1.9
LB,Ramon Humber,28,2009,51,63,78,70,46,65,65.7,1
END_PLAYERS
######################################################################  JETS
New York Jets, NYJ
QB,Geno Smith,25,2013,69,59,85,81,69,64,64.8,1.3
QB,Ryan Fitzpatrick,33,2005,69,75,76,78,72,57,57.6,12
QB,Bryce Petty,25,2015,74,43,71,81,64,52,52.2,0.7
RB,Zac Stacy,25,2013,69,67,82,75,77,51,51.3,0.6
RB,Taiwan Jones,22,2015,58,54,79,48,82,75,75.6,0.5
RB,Khiry Robinson,26,2013,54,63,79,76,72,55,55.8,1.2
RB,Taiwan Jones,22,2015,58,54,79,34,13,55,55.8,0.5
RB,Bilal Powell,27,2011,67,67,79,56,77,65,65.7,3.8
RB,Matt Forte,30,2008,72,81,83,70,77,76,76.5,4
RB,Tommy Bohanon,25,2013,64,59,79,68,67,43,43.2,0.6
WR,Kenbrell Thompkins,27,2013,55,65,84,68,77,65,65.7,1.7
WR,Titus Davis,23,2015,57,52,75,70,80,57,57.6,0.5
WR,Jace Amaro,23,2014,79,55,78,74,76,58,58.5,1.1
WR,Kellen Davis,30,2008,64,65,81,62,72,31,31.5,1
WR,Jeremy Ross,28,2011,54,66,78,67,79,80,80.1,0.8
WR,Devin Smith,24,2015,79,53,82,72,82,64,64.8,1.5
WR,Eric Decker,29,2010,71,80,82,81,75,65,65.7,7.3
WR,Zach Sudfeld,27,2013,55,57,72,67,70,40,40.5,0.6
WR,Brandon Marshall,32,2006,67,82,82,90,73,59,59.4,8.7
WR,Quincy Enunwa,24,2014,66,43,83,68,81,55,55.8,0.5
OL,Willie Colon,33,2006,58,74,70,77,61,78,78.3,1
OL,James Carpenter,27,2011,76,71,77,81,71,73,73.8,4.8
OL,Brian Winters,24,2013,78,64,80,75,68,62,62.1,0.7
OL,Ryan Clady,29,2008,77,81,74,80,70,79,79.2,6
OL,Jarvis Harrison,24,2015,72,39,75,79,74,72,72.9,0.6
OL,Breno Giacomini,30,2008,64,72,83,74,72,70,70.2,4.5
OL,Nick Mangold,32,2006,71,87,82,81,83,81,81,7.7
OL,Wesley Johnson,25,2014,70,56,84,74,71,65,65.7,0.6
OL,Dakota Dozier,25,2014,70,49,81,74,73,67,67.5,0.6
K,Nick Folk,31,2007,59,68,75,79,81,58,58.5,3
K,Randy Bullock,26,2012,58,64,78,85,79,66,66.6,0.7
S,Marcus Gilchrist,27,2011,76,67,81,68,80,49,49.5,5.5
S,Dion Bailey,24,2014,56,55,73,58,77,77,77.4,0.5
S,Rontez Miles,27,2013,57,53,82,63,80,77,77.4,0.5
S,Calvin Pryor,23,2014,83,65,83,78,80,85,85.5,2.1
S,Jaiquawn Jarrett,26,2011,58,59,81,71,81,78,78.3,1.5
CB,Dee Milliner,24,2013,91,60,78,73,83,69,69.3,3.2
CB,Darrelle Revis,30,2007,77,88,79,93,82,59,59.4,14
CB,Darryl Morris,25,2013,54,53,82,72,84,41,41.4,0.8
CB,Kendall James,24,2014,66,38,81,70,82,35,35.1,0.5
CB,Buster Skrine,27,2011,67,71,80,76,80,36,36.9,6.3
CB,Marcus Williams,25,2014,56,59,83,74,80,63,63,0.5
CB,Dexter McDougle,25,2014,73,45,67,67,80,65,65.7,0.7
DL,Jarvis Jenkins,28,2011,75,66,72,81,67,74,74.7,3
DL,Steve McLendon,30,2009,52,73,81,78,72,75,75.6,3.5
DL,Leonard Williams,22,2015,94,50,76,78,76,81,81,4.7
DL,Mike Catapano,25,2013,64,45,83,73,62,65,65.7,0.6
DL,Shelby Harris,24,2014,62,40,81,75,69,68,68.4,0.5
DL,Muhammad Wilkerson,26,2011,76,73,84,93,83,87,87.3,15.7
DL,Sheldon Richardson,25,2013,82,72,80,88,81,79,79.2,2.5
DL,Deon Simon,25,2015,67,43,65,83,63,76,76.5,0.6
LB,Darron Lee,21,2016,85,58,76,72,67,80,80.1,2.5
LB,David Harris,32,2007,72,81,86,76,63,79,79.2,7.2
LB,Trevor Reilly,28,2014,61,50,76,68,60,63,63,0.6
LB,Bruce Carter,28,2011,75,67,69,74,60,66,66.6,0.8
LB,Lorenzo Mauldin,23,2015,74,49,73,71,55,60,60.3,0.8
LB,Josh Martin,24,2013,55,54,81,68,69,54,54.9,0.6
LB,Julian Stanford,25,2012,55,61,78,72,50,54,54,0.7
LB,Erin Henderson,29,2008,52,72,78,73,54,71,71.1,2
LB,Calvin Pace,35,2003,58,76,82,72,72,75,75.6,2.4
END_PLAYERS
######################################################################  TEXANS
Houston Texans, HOU
QB,Ryan Griffin,26,2013,63,46,81,72,68,31,31.5,0.6
QB,Brandon Weeden,32,2012,54,63,80,81,62,18,18,2
QB,Tom Savage,26,2014,69,48,81,84,72,40,40.5,0.6
QB,Brock Osweiler,25,2012,76,54,86,85,69,18,18,18
RB,Alfred Blue,25,2014,64,63,71,75,75,54,54,0.6
RB,Lamar Miller,25,2012,72,69,78,60,82,76,76.5,6.5
RB,Kenny Hilliard,24,2015,63,41,68,78,73,48,48.6,0.5
RB,Jonathan Grimes,26,2012,55,55,81,62,77,73,73.8,0.7
RB,Jay Prosch,23,2014,64,50,85,67,72,42,42.3,0.6
WR,Cecil Shorts,28,2011,71,70,78,75,77,72,72.9,3
WR,Will Fuller,22,2016,85,67,76,76,86,87,87.3,2.5
WR,Keith Mumphery,24,2015,67,44,82,66,79,69,69.3,0.6
WR,Jaelen Strong,22,2015,79,40,78,77,81,53,53.1,0.8
WR,DeAndre Hopkins,24,2013,91,74,84,92,76,58,58.5,1.9
WR,Josh Lenz,25,2013,57,50,78,66,81,69,69.3,0.5
OL,Chris Clark,30,2008,52,70,79,78,70,80,80.1,3
OL,Andrew McDonald,27,2012,56,58,86,72,67,71,71.1,0.6
OL,Jeff Allen,26,2012,76,64,76,74,74,66,66.6,7
OL,Tony Bergstrom,29,2012,72,63,81,75,70,65,65.7,2.9
OL,Duane Brown,30,2008,72,81,83,81,78,83,83.7,8.9
OL,Xavier Su'a-Filo,25,2014,78,51,84,76,70,71,71.1,1.4
OL,Derek Newton,28,2011,63,69,76,77,86,71,71.1,5.3
OL,Dalton Freeman,26,2013,56,60,86,80,70,64,64.8,0.6
OL,Jeff Adams,26,2012,56,62,84,67,64,73,73.8,0.5
OL,Chad Slade,24,2015,58,51,81,73,70,66,66.6,0.5
OL,Karim Barton,24,2014,57,42,82,75,73,64,64.8,0.5
OL,Oday Aboushi,25,2013,69,63,85,70,75,69,69.3,0.6
OL,David Quessenberry,25,2013,64,56,85,72,75,67,67.5,0.6
K,Nick Novak,34,2005,51,70,82,77,81,54,54,1
K,Shane Lechler,39,2000,56,82,76,77,78,55,55.8,1.8
S,Eddie Pleasant,27,2012,54,60,84,66,78,72,72,1.1
S,Kurtis Drummond,24,2015,58,36,82,70,80,54,54,0.5
S,Lonnie Ballentine,23,2014,61,39,80,64,83,81,81,0.6
S,Antonio Allen,27,2012,58,65,74,72,78,63,63.9,0.8
CB,Robert Nelson,26,2014,56,41,81,66,80,48,48.6,0.6
CB,Kevin Johnson,23,2015,85,57,80,78,80,57,57.6,2.5
CB,Terrance Mitchell,24,2014,61,49,84,72,82,41,41.4,0.6
CB,AJ Bouye,24,2013,54,63,74,68,83,40,40.5,1.7
CB,Johnathan Joseph,32,2006,75,82,77,78,79,36,36,6.8
CB,Kareem Jackson,28,2010,79,75,81,85,81,49,49.5,8.5
CB,Andre Hal,24,2014,64,58,84,68,81,40,40.5,0.6
DL,Gerald Rivers,25,2013,56,46,79,63,58,57,57.6,0.6
DL,Jeoffrey Pagan,23,2014,64,46,72,78,64,76,76.5,0.6
DL,Christian Covington,22,2015,67,45,68,69,73,62,62.1,0.6
DL,JJ Watt,27,2011,91,82,87,96,98,96,96.3,16.7
DL,Vince Wilfork,34,2004,73,88,80,86,72,81,81.9,4.5
DL,Devon Still,26,2012,77,57,75,73,73,73,73.8,0.7
DL,Brandon Dunn,23,2014,57,46,81,70,63,72,72.9,0.6
LB,Max Bullough,24,2014,57,49,82,68,63,67,67.5,0.6
LB,Whitney Mercilus,25,2012,76,69,85,78,76,66,66.6,6.5
LB,Brian Cushing,29,2009,78,79,84,72,73,78,78.3,8.8
LB,Akeem Dent,28,2011,72,66,77,78,70,66,66.6,2.3
LB,Jadeveon Clowney,23,2014,91,58,68,78,81,58,58.5,5.6
LB,Benardrick McKinney,23,2015,81,60,84,80,72,51,51.3,1.3
LB,John Simon,25,2013,69,53,77,73,76,66,66.6,1.7
LB,Reshard Cliett,24,2015,67,36,77,70,57,45,45,0.6
END_PLAYERS
######################################################################  COLTS
Indianapolis Colts, IND
QB,Scott Tolzien,28,2011,53,55,85,74,68,39,39.6,1.8
QB,Stephen Morris,23,2014,57,37,76,81,65,63,63,0.5
QB,Andrew Luck,26,2012,90,76,88,94,89,78,78.3,5.5
RB,Trey Williams,23,2015,56,41,72,33,81,75,75.6,0.5
RB,Tyler Varga,22,2015,56,49,81,70,74,37,37.8,0.5
RB,Jordan Todman,26,2011,63,63,76,54,81,72,72.9,0.8
RB,Frank Gore,33,2005,70,83,77,74,72,62,62.1,4
RB,Robert Turbin,26,2012,72,64,74,75,81,64,64.8,0.8
WR,Donte Moncrief,22,2014,73,59,81,74,82,56,56.7,0.7
WR,Phillip Dorsett,23,2015,79,53,69,73,86,73,73.8,2
WR,Josh Boyce,25,2013,74,45,81,64,82,58,58.5,0.5
WR,Brian Tyms,27,2012,54,61,82,71,79,59,59.4,0.6
WR,TY Hilton,26,2012,72,78,76,92,82,85,85.5,13
WR,Dwayne Allen,26,2012,76,67,78,73,67,40,40.5,7.4
OL,Jeremy Vujnovich,25,2014,57,37,79,81,64,70,70.2,0.5
OL,Lance Louis,31,2009,58,67,81,77,68,63,63,0.7
OL,Jonotthan Harrison,24,2014,55,64,84,78,73,64,64.8,0.5
OL,Joe Reitz,29,2008,53,69,84,78,71,72,72,2.7
OL,Hugh Thornton,24,2013,72,65,76,81,68,69,69.3,0.7
OL,Ryan Kelly,23,2016,85,58,76,76,76,72,72.9,2.6
OL,Anthony Castonzo,27,2011,80,76,78,79,76,86,86.4,11
OL,Kevin Graf,25,2014,57,46,82,76,72,64,64.8,0.6
OL,Mitchell Van Dyk,25,2014,62,48,82,67,74,62,62.1,0.5
OL,Jack Mewhort,24,2014,78,65,83,80,78,70,70.2,0.9
K,Adam Vinatieri,43,1996,39,83,81,79,81,54,54,3
K,Pat McAfee,29,2009,60,79,85,87,82,61,61.2,2.9
S,Mike Adams,35,2004,46,74,81,79,76,57,57.6,2.4
S,Clayton Geathers,24,2015,74,42,81,62,81,78,78.3,0.7
S,Winston Guy,26,2012,63,58,79,64,79,74,74.7,0.7
S,Dezmen Southward,24,2014,79,58,82,67,83,71,71.1,0.6
CB,Tevin Mitchel,23,2015,65,44,69,71,81,31,31.5,0.6
CB,Vontae Davis,28,2009,73,80,86,93,82,59,59.4,9
CB,Patrick Robinson,28,2010,74,71,81,69,81,44,44.1,4.5
CB,Darius Butler,30,2009,73,71,85,69,83,58,58.5,2.5
CB,D'Joun Smith,23,2015,79,44,81,74,81,37,37.8,0.8
CB,Jalil Brown,28,2011,71,50,81,67,83,56,56.7,0.8
DL,David Parry,24,2015,70,49,70,81,63,72,72.9,0.6
DL,Zach Kerr,25,2014,55,55,73,78,59,67,67.5,0.5
DL,Arthur Jones,30,2010,65,66,76,81,71,73,73.8,6.6
DL,Kendall Langford,30,2008,72,78,82,77,67,73,73.8,4.3
DL,Ricky Lumpkin,27,2011,57,63,75,79,66,70,70.2,0.6
DL,Joe Vellano,27,2013,54,62,83,76,71,73,73.8,0.6
DL,Henry Anderson,24,2015,74,57,73,72,71,76,76.5,0.7
DL,Billy Winn,27,2012,58,64,78,70,50,72,72,0.5
LB,Nate Irving,28,2011,75,67,73,80,70,71,71.1,2.4
LB,Robert Mathis,35,2003,59,83,80,72,70,83,83.7,9
LB,D'Qwell Jackson,32,2006,71,82,75,78,69,81,81.9,5.5
LB,Erik Walden,30,2008,63,68,82,72,79,72,72,4
LB,Amarlo Herrera,24,2015,66,47,82,71,66,64,64.8,0.5
LB,Sio Moore,26,2013,77,65,80,73,75,67,67.5,0.8
LB,Trent Cole,33,2005,61,79,80,69,64,80,80.1,4.3
END_PLAYERS
######################################################################  JAGUARS
Jacksonville Jaguars, JAX
QB,Blake Bortles,24,2014,91,60,86,81,66,58,58.5,5.2
QB,Chad Henne,30,2008,72,65,81,80,63,18,18,4
RB,Joe Banyard,27,2012,54,47,82,59,79,68,68.4,0.6
RB,TJ Yeldon,22,2015,79,54,75,71,79,66,66.6,1.5
RB,Corey Grant,24,2015,56,37,73,34,86,63,63.9,0.5
RB,Chris Ivory,28,2010,52,70,74,86,77,57,57.6,6.4
RB,Jonas Gray,25,2012,55,55,81,82,75,49,49.5,0.6
RB,Denard Robinson,25,2013,68,64,75,46,81,67,67.5,0.6
WR,Arrelious Benn,27,2010,75,59,63,64,74,56,56.7,0.6
WR,Bryan Walters,28,2010,54,63,82,71,72,66,66.6,0.7
WR,Marcedes Lewis,32,2006,72,78,83,66,65,37,37.8,4
WR,Justin Blackmon,26,2012,92,40,84,77,79,63,63,4.6
WR,Neal Sterling,24,2015,65,39,81,66,76,53,53.1,0.6
WR,Allen Robinson,22,2014,78,63,80,75,76,59,59.4,0.9
WR,Julius Thomas,28,2011,66,68,81,79,75,60,60.3,9.2
WR,Marqise Lee,24,2014,78,57,76,71,79,77,77.4,1.3
WR,Allen Hurns,24,2014,55,60,82,81,78,63,63,10.2
WR,Rashad Greene,23,2015,70,52,79,71,79,76,76.5,0.6
OL,Jeff Linkenbach,29,2010,52,68,82,76,65,72,72.9,0.5
OL,AJ Cann,24,2015,79,56,83,80,76,71,71.1,0.8
OL,Mackenzy Bernadeau,30,2008,54,70,83,86,75,64,64.8,1.5
OL,Luke Bowanko,25,2014,64,67,82,77,77,66,66.6,0.6
OL,Kadeem Edwards,25,2014,69,42,83,77,73,68,68.4,0.6
OL,Kelvin Beachum,27,2012,58,73,85,75,74,87,87.3,9
OL,Josh Wells,25,2014,55,54,81,74,77,68,68.4,0.5
OL,Patrick Omameh,26,2013,55,63,82,73,72,67,67.5,0.5
OL,Luke Joeckel,24,2013,90,71,78,78,76,70,70.2,5.3
OL,Tyler Shatley,25,2014,56,48,82,85,69,65,65.7,0.5
OL,Brandon Linder,24,2014,73,68,83,79,76,83,83.7,0.7
OL,Jermey Parnell,29,2009,53,67,79,76,80,76,76.5,6.4
K,Brad Nortman,26,2012,63,69,83,80,83,75,75.6,2.2
K,Jason Myers,25,2015,56,58,76,72,72,63,63,0.5
S,James Sample,23,2015,74,44,76,63,80,67,67.5,0.7
S,Josh Evans,25,2013,68,63,80,63,77,78,78.3,0.6
S,Craig Loston,26,2014,55,51,74,64,83,76,76.5,0.5
S,Earl Wolff,26,2013,69,60,81,64,83,65,65.7,1.3
S,Tashaun Gipson,25,2012,54,72,84,84,79,64,64.8,7.2
CB,Prince Amukamara,27,2011,80,69,81,78,82,58,58.5,5.5
CB,Davon House,26,2011,66,69,85,73,81,50,50.4,6.1
CB,Jalen Ramsey,21,2016,94,58,76,74,85,63,63,5.8
CB,Demetrius McCray,25,2013,63,63,84,69,83,53,53.1,0.6
CB,Aaron Colvin,24,2014,73,57,68,75,78,49,49.5,0.7
CB,Dwayne Gratz,26,2013,77,62,87,69,83,64,64.8,0.8
CB,Peyton Thompson,25,2012,56,49,81,63,80,30,30.6,0.6
DL,Roy Miller,28,2009,69,68,86,78,68,71,71.1,4.1
DL,Sen'Derrick Marks,29,2009,73,75,77,73,83,67,67.5,4.5
DL,Malik Jackson,26,2012,67,66,81,69,81,74,74.7,14.3
DL,Tyson Alualu,29,2010,79,72,85,78,70,69,69.3,3
DL,Dante Fowler Jr,21,2015,92,46,71,78,64,65,65.7,5.9
DL,Jared Odrick,28,2010,75,74,69,74,78,69,69.3,8.5
DL,Ryan Davis,27,2012,54,62,81,66,68,57,57.6,2.6
DL,Chris Smith,24,2014,69,50,83,76,73,58,58.5,0.6
DL,Abry Jones,24,2013,54,57,78,77,67,62,62.1,2.6
LB,Hayes Pullard,24,2015,65,54,84,67,45,64,64.8,0.6
LB,Telvin Smith,25,2014,69,65,81,77,58,63,63,0.6
LB,Joplo Bartu,25,2013,54,67,81,73,55,66,66.6,0.6
LB,Paul Posluszny,31,2007,72,82,78,79,58,84,84.6,5
LB,Jordan Tripp,25,2014,69,40,81,67,64,66,66.6,0.6
LB,Dan Skuta,30,2009,51,72,82,78,74,73,73.8,4.1
LB,Bjoern Werner,25,2013,81,65,82,68,73,66,66.6,0.5
LB,Sean Porter,25,2013,72,54,70,69,59,62,62.1,0.6
END_PLAYERS
######################################################################  TITANS
Tennessee Titans,TEN
QB,Matt Cassel,34,2005,52,72,75,73,65,32,32.4,2
QB,Alex Tanney,28,2012,56,44,79,77,68,44,44.1,0.5
QB,Marcus Mariota,22,2015,92,54,83,80,79,71,71.1,6.1
RB,Antonio Andrews,23,2014,55,44,82,79,70,40,40.5,0.6
RB,Dexter McCluster,27,2010,74,68,76,35,79,76,76.5,3
RB,David Cobb,23,2015,70,54,81,77,75,55,55.8,0.6
RB,Jalston Fowler,25,2015,74,54,67,64,69,35,35.1,0.7
RB,DeMarco Murray,28,2011,75,80,76,86,80,87,87.3,6.3
RB,Bishop Sankey,23,2014,78,62,77,50,80,72,72,1
WR,Harry Douglas,30,2008,68,72,79,78,75,79,79.2,3.8
WR,Delanie Walker,31,2006,57,72,77,70,74,58,58.5,6.7
WR,Tre McBride,23,2015,61,35,78,77,82,71,71.1,0.5
WR,Kendall Wright,26,2012,81,73,86,81,81,76,76.5,2.1
WR,Rishard Matthews,26,2012,58,63,80,69,74,51,51.3,5
WR,Justin Hunter,25,2013,77,62,75,64,81,66,66.6,1.4
WR,Dorial Green-Beckham,23,2015,79,44,78,76,80,62,62.1,1.4
WR,Anthony Fasano,32,2006,71,72,79,67,63,14,14.4,2.6
OL,Brian Schwenke,25,2013,72,66,82,81,72,66,66.6,0.7
OL,Chance Warmack,24,2013,81,70,88,82,83,69,69.3,3
OL,Josue Matias,23,2015,57,49,81,70,65,72,72.9,0.5
OL,Jamon Meredith,30,2009,58,63,81,78,70,65,65.7,0.7
OL,Quinton Spain,24,2015,56,49,85,75,72,63,63,0.5
OL,Andy Gallik,24,2015,65,54,82,77,65,71,71.1,0.6
OL,Jeremiah Poutasi,21,2015,79,50,82,77,73,65,65.7,0.8
OL,Jack Conklin,21,2016,94,63,76,81,81,75,75.6,4
OL,Taylor Lewan,24,2014,82,64,80,81,81,75,75.6,2.9
OL,Ben Jones,26,2012,72,69,82,78,73,68,68.4,4.4
K,Ryan Succop,29,2009,55,72,86,81,76,59,59.4,2.4
K,Brett Kern,30,2008,50,75,70,81,84,64,64.8,3
S,Marqueston Huff,24,2014,73,58,85,68,81,58,58.5,0.7
S,Da'Norris Searcy,27,2011,71,68,82,72,77,67,67.5,5.9
S,Daimion Stafford,25,2013,59,51,82,66,78,60,60.3,0.6
S,Rashad Johnson,30,2009,69,70,85,63,81,73,73.8,2
CB,Brandon Harris,26,2013,58,60,82,69,81,53,53.1,0.7
CB,Brice McCain,29,2009,61,68,79,73,82,41,41.4,2.2
CB,Jason McCourty,28,2009,60,76,82,78,84,54,54,7.2
CB,Perrish Cox,29,2010,66,72,82,77,78,39,39.6,5
CB,BW Webb,26,2013,72,54,81,65,83,36,36,0.6
CB,Blidi Wreh-Wilson,26,2013,77,60,76,70,81,51,51.3,0.7
CB,Antwon Blake,25,2012,54,54,82,66,87,58,58.5,1.5
DL,Al Woods,29,2010,70,65,79,83,63,73,73.8,3.5
DL,DaQuan Jones,24,2014,73,57,81,76,70,77,77.4,0.7
DL,Jurrell Casey,26,2011,71,75,82,81,82,80,80.1,9
DL,Karl Klug,28,2011,66,63,75,72,79,65,65.7,1.9
DL,Angelo Blackson,23,2015,74,47,81,68,66,72,72.9,0.7
DL,Ropati Pitoitua,31,2008,52,70,72,81,68,81,81.9,2.9
LB,Avery Williamson,24,2014,69,67,82,80,63,66,66.6,0.6
LB,Deiontrez Mount,23,2015,65,41,79,71,67,37,37.8,0.6
LB,Curtis Grant,23,2015,57,50,68,69,55,45,45.9,0.5
LB,Derrick Morgan,27,2010,79,73,78,68,83,76,76.5,6.8
LB,Wesley Woodyard,29,2008,50,74,85,72,50,77,77.4,3.9
LB,David Bass,25,2013,59,58,85,60,63,52,52.2,0.5
LB,Sean Spence,27,2012,72,64,68,69,58,67,67.5,2.5
LB,Brian Orakpo,29,2009,78,73,72,76,83,71,71.1,7.8
END_PLAYERS
######################################################################  BRONCOS
Denver Broncos, DEN
QB,Paxton Lynch,22,2016,72,58,76,84,79,45,45,2.4
QB,Trevor Siemian,24,2015,77,46,70,71,66,53,53.1,0.6
QB,Mark Sanchez,29,2009,58,66,75,77,71,42,42.3,4.5
RB,Kapri Bibbs,23,2014,56,45,82,75,74,55,55.8,0.5
RB,Juwan Thompson,24,2014,55,54,84,72,77,66,66.6,0.5
RB,CJ Anderson,25,2013,78,65,84,82,75,78,78.3,4.5
RB,Ronnie Hillman,24,2012,76,66,70,46,81,69,69.3,2
RB,Cyrus Gray,26,2012,63,54,81,47,79,71,71.1,0.7
WR,Jordan Norwood,29,2009,52,62,78,67,73,78,78.3,0.9
WR,Demaryius Thomas,28,2010,79,79,80,93,81,58,58.5,14
WR,Virgil Green,27,2011,62,67,79,66,76,71,71.1,2.8
WR,Emmanuel Sanders,29,2010,70,80,77,83,80,80,80.1,5
WR,Cody Latimer,23,2014,78,44,73,77,81,49,49.5,0.9
WR,Bennie Fowler,25,2014,56,52,73,63,83,56,56.7,0.5
WR,DeVier Posey,26,2012,77,53,76,67,81,57,57.6,0.7
OL,Sam Brenner,26,2013,54,54,80,78,72,65,65.7,0.6
OL,Russell Okung,28,2010,88,78,73,79,75,80,80.1,10.6
OL,Ty Sambrailo,24,2015,79,55,81,69,69,72,72.9,1
OL,Michael Schofield,25,2014,73,59,84,70,67,71,71.1,0.7
OL,Matt Paradis,26,2014,65,48,76,72,72,66,66.6,0.5
OL,Max Garcia,24,2015,70,57,79,80,65,69,69.3,0.7
OL,Donald Stephenson,27,2012,76,63,75,76,74,66,66.6,4.7
OL,James Ferentz,27,2014,56,55,81,71,65,72,72.9,0.5
OL,Robert Myers,24,2015,65,41,77,78,68,63,63.9,0.5
OL,Darrion Weems,27,2012,55,58,78,78,69,71,71.1,0.6
K,Brandon McManus,24,2013,55,64,85,96,79,76,76.5,0.5
K,Britton Colquitt,31,2009,51,70,82,78,80,59,59.4,3.9
S,Brandian Ross,26,2011,54,66,83,66,81,45,45.9,0.7
S,Darian Stewart,27,2010,52,72,80,72,78,81,81,2.1
S,Shiloh Keo,28,2011,67,60,81,66,79,80,80.1,0.8
S,TJ Ward,29,2010,74,72,81,80,81,81,81.9,5.6
S,Josh Bush,27,2012,58,57,79,70,81,54,54.9,0.6
CB,Lorenzo Doss,22,2015,70,45,82,70,82,26,26.1,0.6
CB,Kayvon Webster,25,2013,72,55,81,66,83,63,63,0.7
CB,Taurean Nixon,25,2015,61,37,76,63,81,42,42.3,0.5
CB,Aqib Talib,30,2008,77,81,78,90,82,60,60.3,9.5
CB,Bradley Roby,24,2014,78,63,78,84,83,64,64.8,1.7
DL,Jared Crick,26,2012,67,67,66,70,74,73,73.8,2
DL,Darius Kilgo,24,2015,65,38,79,82,62,78,78.3,0.6
DL,Derek Wolfe,26,2012,76,70,69,80,72,75,75.6,9.2
DL,Vance Walker,29,2009,60,71,81,71,75,71,71.1,2
DL,Antonio Smith,34,2004,58,78,86,76,78,58,58.5,2
DL,Phil Taylor,28,2011,81,66,75,82,73,77,77.4,0.8
DL,Sylvester Williams,27,2013,77,64,83,75,68,70,70.2,1.9
LB,Corey Nelson,24,2014,60,51,73,70,69,42,42.3,0.6
LB,Shane Ray,23,2015,83,54,80,66,67,55,55.8,2.3
LB,Brandon Marshall,26,2012,67,74,80,80,66,75,75.6,8.7
LB,DeMarcus Ware,33,2005,74,78,81,65,81,76,76.5,10
LB,Dekoda Watson,28,2010,61,62,75,68,57,60,60.3,0.8
LB,Todd Davis,24,2014,55,47,84,74,55,60,60.3,0.5
LB,Von Miller,27,2011,89,77,83,93,89,87,87.3,14.1
END_PLAYERS
######################################################################  CHIEFS
Kansas City Chiefs, KC
QB,Aaron Murray,25,2014,69,47,71,76,73,36,36.9,0.6
QB,Tyler Bray,24,2013,54,46,78,83,62,18,18,1
QB,Alex Smith,32,2005,83,78,79,75,73,36,36,17
RB,Anthony Sherman,27,2011,66,74,82,60,70,45,45,2.3
RB,Trey Millard,24,2014,61,40,75,70,75,45,45,0.5
RB,Spencer Ware,24,2013,64,49,82,76,75,42,42.3,1.8
RB,Knile Davis,24,2013,72,64,67,81,82,66,66.6,0.7
RB,Charcandrick West,25,2014,55,39,78,58,81,66,66.6,1.8
RB,Jamaal Charles,29,2008,72,81,78,62,82,85,85.5,9.1
RB,Darrin Reaves,23,2014,56,45,82,41,78,67,67.5,0.5
WR,Frankie Hammond,26,2013,55,57,82,64,81,75,75.6,0.6
WR,De'Anthony Thomas,23,2014,73,61,65,72,82,82,82.8,0.7
WR,Travis Kelce,26,2013,77,61,73,84,75,58,58.5,9.4
WR,Jeremy Maclin,28,2009,78,78,74,83,78,81,81.9,11
WR,Rod Streater,28,2012,55,69,81,76,79,66,66.6,0.8
WR,Albert Wilson,23,2014,55,62,81,72,81,76,76.5,0.5
WR,Chris Conley,23,2015,74,50,81,71,84,57,57.6,0.8
WR,Da'Ron Brown,24,2015,62,41,83,73,79,67,67.5,0.5
WR,Jason Avant,33,2006,58,75,82,75,71,48,48.6,1
OL,Eric Fisher,25,2013,90,67,81,76,76,72,72,5.5
OL,Mitch Morse,24,2015,79,55,78,82,64,70,70.2,1.2
OL,Laurent Duvernay-Tardif,25,2014,64,43,83,82,69,66,66.6,0.6
OL,Reid Fragel,25,2013,62,53,81,81,72,63,63,0.6
OL,Mitchell Schwartz,27,2012,76,70,75,76,64,80,80.1,6.6
OL,Zach Fulton,24,2014,64,61,82,76,73,70,70.2,0.6
OL,Jah Reid,27,2011,71,59,85,81,74,67,67.5,3.4
OL,Jordan Devey,28,2013,56,64,85,72,68,68,68.4,0.6
K,Dustin Colquitt,34,2005,65,73,85,80,84,58,58.5,3.8
K,Cairo Santos,24,2014,55,60,85,76,79,68,68.4,0.5
S,Daniel Sorensen,26,2014,55,40,83,58,80,59,59.4,0.5
S,Eric Berry,27,2010,88,67,58,67,80,75,75.6,10.8
S,Stevie Brown,28,2010,58,66,82,64,81,69,69.3,0.8
S,Ron Parker,28,2011,53,68,79,73,81,64,64.8,5
CB,Jamell Fleming,27,2012,72,54,72,76,79,57,57.6,0.8
CB,Deveron Carr,25,2013,56,47,81,65,81,61,61.2,0.5
CB,Steven Nelson,23,2015,74,46,84,73,81,54,54,0.7
CB,Marcus Peters,23,2015,83,47,84,77,80,54,54,2.4
CB,Phillip Gaines,25,2014,73,59,79,78,84,36,36,0.7
CB,Marcus Cooper,26,2013,59,60,83,68,79,66,66.6,0.6
DL,Dontari Poe,25,2012,81,70,83,87,79,81,81,2.8
DL,Jaye Howard,27,2012,72,64,78,68,77,65,65.7,5
DL,Alameda Ta'amu,25,2012,73,60,77,82,65,76,76.5,0.7
DL,Jimmy Staten,25,2014,71,45,80,77,63,75,75.6,0.5
DL,Nick Williams,25,2013,55,61,83,74,72,64,64.8,0.5
DL,Allen Bailey,27,2011,71,68,82,80,75,70,70.2,6.3
DL,David King,26,2013,61,55,82,74,67,72,72.9,0.6
DL,Rakeem Nunez-Roches,22,2015,65,49,70,72,66,68,68.4,0.6
LB,Dezman Moses,27,2012,55,56,81,63,74,55,55.8,0.7
LB,Ramik Wilson,23,2015,74,52,82,75,55,63,63,0.7
LB,Tamba Hali,32,2006,75,82,85,73,85,84,84.6,7
LB,Josh Mauga,29,2009,52,68,67,73,64,71,71.1,2.8
LB,Derrick Johnson,33,2005,74,83,76,83,54,84,84.6,7
LB,Justin Houston,27,2011,75,80,83,82,88,79,79.2,16.8
LB,Dee Ford,25,2014,82,60,78,68,65,56,56.7,2
LB,DJ Alexander,24,2015,70,41,68,69,46,47,47.7,0.6
LB,Andy Mulumba,26,2013,55,55,79,64,61,56,56.7,0.6
LB,Frank Zombo,29,2010,52,69,76,73,66,66,66.6,1.2
LB,Jonathan Massaquoi,28,2012,68,64,81,65,74,59,59.4,0.7
END_PLAYERS
######################################################################  RAIDERS
Las Vegas Raiders, LVR
QB,Matt McGloin,26,2013,54,63,82,71,64,40,40.5,2.6
QB,Derek Carr,25,2014,87,63,82,86,72,45,45.9,1.3
RB,Latavius Murray,25,2013,63,59,70,76,82,56,56.7,0.6
RB,Marcel Reece,30,2008,52,74,85,70,78,54,54,3.7
RB,Roy Helu Jr,27,2011,71,71,71,56,81,67,67.5,2.1
WR,Seth Roberts,25,2014,56,54,81,64,81,64,64.8,0.5
WR,Amari Cooper,22,2015,92,61,75,87,82,77,77.4,5.7
WR,Andre Holmes,28,2011,54,63,73,72,77,66,66.6,2
WR,Michael Crabtree,28,2009,78,73,76,78,75,64,64.8,8.5
WR,Nathan Palmer,27,2012,56,54,81,66,82,75,75.6,0.5
OL,Donald Penn,33,2006,48,81,80,84,74,85,85.5,6
OL,Rodney Hudson,26,2011,75,76,82,73,81,80,80.1,8.9
OL,Kelechi Osemele,26,2012,76,72,72,82,84,75,75.6,11.7
OL,Khalif Barnes,34,2005,58,74,76,81,64,69,69.3,1.5
OL,Austin Howard,29,2010,52,72,81,80,75,63,63.9,6
OL,Gabe Jackson,24,2014,73,67,82,81,76,81,81.9,0.7
OL,Menelik Watson,27,2013,77,62,82,75,70,64,64.8,1.2
OL,Jon Feliciano,24,2015,70,57,81,72,70,65,65.7,0.7
K,Marquette King,27,2012,54,67,81,84,81,73,73.8,3.3
K,Giorgio Tavecchio,25,2012,57,49,81,81,76,64,64.8,0.5
K,Sebastian Janikowski,38,2000,70,82,61,96,74,58,58.5,3.8
S,Reggie Nelson,32,2007,76,72,85,78,82,66,66.6,4.3
S,Karl Joseph,22,2016,85,58,76,80,82,76,76.5,3
S,Nate Allen,28,2010,74,71,72,72,80,60,60.3,3
S,Larry Asante,28,2010,58,57,78,61,77,71,71.1,1.5
S,Chris Hackett,22,2015,57,35,83,59,80,55,55.8,0.5
S,Brynden Trawick,26,2013,54,43,82,63,74,74,74.7,0.8
S,Charles Woodson,39,1997,58,84,76,89,79,49,49.5,3.2
S,Dewey McDonald,26,2014,56,43,83,65,80,72,72,0.6
CB,Neiko Thorpe,26,2012,54,45,82,63,81,31,31.5,2.6
CB,Dexter McDonald,24,2015,61,41,81,65,81,54,54.9,0.6
CB,David Amerson,24,2013,77,61,81,69,82,56,56.7,1
CB,Sean Smith,28,2009,73,79,86,94,81,63,63.9,9.5
CB,Keith McGill,27,2014,73,44,75,75,79,63,63.9,0.7
CB,DJ Hayden,25,2013,81,64,68,74,80,69,69.3,2.6
DL,Justin Ellis,25,2014,73,64,79,75,67,75,75.6,0.7
DL,Denico Autry,25,2014,55,55,79,67,72,65,65.7,0.6
DL,Stacy McGee,26,2013,63,62,76,76,69,72,72,0.6
DL,Dan Williams,29,2010,74,78,84,86,73,85,85.5,6.3
DL,Mario Edwards Jr,22,2015,79,43,74,79,71,78,78.3,1.5
DL,Damontre Moore,23,2013,73,58,81,58,80,57,57.6,0.7
LB,Colton Underwood,24,2014,57,57,79,70,73,56,56.7,0.5
LB,John Lotulelei,24,2013,54,55,78,74,58,57,57.6,0.6
LB,Neiron Ball,23,2015,70,41,60,71,63,43,43.2,0.6
LB,Khalil Mack,25,2014,92,70,86,94,90,80,80.1,4.7
LB,Ben Heeney,23,2015,70,51,76,71,57,62,62.1,0.6
LB,Malcolm Smith,26,2011,57,69,79,69,54,67,67.5,3.5
LB,Daren Bates,25,2013,54,57,79,71,48,40,40.5,0.7
LB,Korey Toomer,27,2012,69,51,67,65,51,36,36.9,0.6
LB,Bruce Irvin,26,2012,81,67,84,80,81,67,67.5,9.3
LB,Aldon Smith,26,2011,89,68,79,79,85,70,70.2,5.8
END_PLAYERS
######################################################################  CHARGERS
Los Angeles Chargers, LAC
QB,Philip Rivers,34,2004,82,80,88,78,81,18,18,20.8
QB,Kellen Clemens,33,2006,72,63,76,74,65,18,18,1.1
QB,Zach Mettenberger,24,2014,64,55,73,85,68,35,35.1,0.6
RB,Danny Woodhead,31,2008,51,75,71,37,79,74,74.7,2.8
RB,Melvin Gordon,23,2015,83,56,82,62,81,80,80.1,2.7
RB,Donald Brown,29,2009,74,70,72,72,77,46,46.8,1
RB,Dreamius Smith,23,2015,57,39,75,70,81,57,57.6,0.5
RB,Branden Oliver,25,2014,56,58,81,60,78,74,74.7,0.5
WR,Isaiah Burse,24,2014,56,42,83,67,77,74,74.7,0.5
WR,Stevie Johnson,29,2008,60,78,85,78,77,71,71.1,3.5
WR,Malcom Floyd,34,2004,58,79,79,79,73,36,36,3.9
WR,Javontee Herndon,24,2014,57,47,80,64,81,76,76.5,0.5
WR,Travis Benjamin,26,2012,72,67,73,68,83,78,78.3,6
WR,Dontrelle Inman,27,2011,56,60,82,71,78,64,64.8,0.6
WR,Antonio Gates,36,2003,45,85,69,90,70,62,62.1,5.5
WR,Keenan Allen,24,2013,72,70,79,92,76,57,57.6,11.3
WR,Torrence Allen,25,2014,56,55,81,72,81,59,59.4,0.5
OL,Trevor Robinson,26,2012,54,65,81,80,72,65,65.7,0.9
OL,Chris Watt,25,2014,73,61,78,81,77,67,67.5,0.7
OL,DJ Fluker,25,2013,81,68,82,81,80,64,64.8,2.9
OL,Kenny Wiggins,27,2011,55,65,82,75,72,64,64.8,0.6
OL,JD Walton,29,2010,58,72,80,70,64,73,73.8,0.7
OL,Joe Barksdale,28,2011,71,69,81,79,78,66,66.6,5.9
OL,King Dunlap,30,2008,54,75,73,85,84,73,73.8,7
OL,Chris Hairston,27,2011,72,66,82,78,76,72,72.9,1.5
OL,Orlando Franklin,28,2011,75,73,79,83,78,81,81,7.3
OL,Johnnie Troutman,28,2012,58,67,73,82,65,64,64.8,0.6
OL,Matt Slauson,30,2009,60,75,76,81,80,70,70.2,0.5
K,Kasey Redfern,24,2014,57,58,76,72,72,63,63,0.5
K,Josh Lambo,25,2015,56,39,82,79,77,66,66.6,0.5
S,Darrell Stuckey,26,2010,71,58,67,72,78,57,57.6,1.9
S,Jahleel Addae,26,2013,54,64,82,67,77,72,72.9,2.6
S,Dwight Lowery,30,2008,68,72,81,70,80,48,48.6,2.4
S,Adrian Phillips,24,2014,57,46,82,66,80,57,57.6,0.6
CB,Greg Ducre,24,2014,56,48,79,63,81,42,42.3,0.5
CB,Brandon Flowers,30,2008,72,82,81,82,82,68,68.4,9.1
CB,Casey Hayward,26,2012,76,72,78,85,79,40,40.5,5.1
CB,Richard Crawford,25,2012,64,51,81,72,80,37,37.8,0.6
CB,Jason Verrett,25,2014,87,64,77,76,83,58,58.5,2
CB,Steve Williams,25,2013,68,60,77,65,82,37,37.8,0.6
CB,Craig Mager,24,2015,74,40,82,71,82,55,55.8,0.7
CB,Cassius Vaughn,28,2010,58,65,79,68,80,31,31.5,0.7
DL,Ryan Carrethers,25,2014,69,53,84,84,64,80,80.1,0.6
DL,Darius Philon,22,2015,65,36,80,71,56,57,57.6,0.6
DL,Tenny Palepoi,25,2014,56,58,79,80,69,69,69.3,0.5
DL,Corey Liuget,26,2011,80,74,85,81,75,79,79.2,10.3
DL,Brandon Mebane,31,2007,67,80,79,82,72,76,76.5,4.5
DL,Damion Square,27,2013,55,62,78,72,72,61,61.2,0.7
DL,Sean Lissemore,28,2010,57,70,81,75,71,68,68.4,2
DL,Ben Gardner,25,2014,61,46,74,66,71,68,68.4,0.5
LB,Tourek Williams,25,2013,63,59,75,71,75,51,51.3,0.6
LB,Joe Mays,30,2008,58,72,85,78,68,69,69.3,0.9
LB,Denzel Perryman,22,2015,79,59,83,75,61,63,63.9,1.2
LB,Jeremiah Attaochu,23,2014,78,60,81,64,80,58,58.5,1.1
LB,Cordarro Law,27,2012,58,55,81,63,62,49,49.5,0.5
LB,Manti Te'o,25,2013,77,69,81,76,63,75,75.6,1.3
LB,Melvin Ingram,27,2012,81,65,79,70,70,61,61.2,2.1
LB,Joey Bosa,20,2016,94,58,76,72,82,68,68.4,6.5
LB,Kyle Emanuel,24,2015,70,42,82,63,75,55,55.8,0.6
END_PLAYERS
######################################################################  BEARS
Chicago Bears, CHI
QB,David Fales,25,2014,65,48,84,74,72,37,37.8,0.6
QB,Brian Hoyer,30,2009,60,65,77,75,66,36,36,2
QB,Jay Cutler,33,2006,75,63,81,88,68,22,22.5,18.1
RB,Ka'Deem Carey,23,2014,73,58,81,75,73,64,64.8,0.7
RB,Jeremy Langford,24,2015,74,44,79,72,82,51,51.3,0.7
RB,Senorise Perry,24,2014,55,45,74,39,82,66,66.6,0.5
RB,Jacquizz Rodgers,26,2011,66,67,78,70,77,65,65.7,0.8
WR,Eddie Royal,30,2008,72,78,81,77,79,79,79.2,5
WR,Marquess Wilson,23,2013,59,60,82,72,78,66,66.6,0.6
WR,Marc Mariani,29,2010,61,70,78,64,77,76,76.5,0.8
WR,Deonte Thompson,27,2012,54,54,77,62,83,66,66.6,0.8
WR,Kevin White,22,2015,92,47,82,79,84,60,60.3,4.1
WR,Zach Miller,31,2009,61,59,73,64,75,63,63,2.8
WR,Alshon Jeffery,26,2012,76,73,81,83,79,59,59.4,14.6
OL,Martin Wallace,26,2013,56,54,81,74,72,64,64.8,0.5
OL,Kyle Long,27,2013,81,68,80,75,74,82,82.8,2.1
OL,Hroniss Grasu,24,2015,79,55,78,68,66,74,74.7,0.8
OL,Charles Leno,24,2014,60,59,81,71,67,70,70.2,0.6
OL,Ted Larsen,29,2010,61,72,82,71,74,70,70.2,1.7
OL,Will Montgomery,33,2006,58,79,82,82,71,78,78.3,1
OL,Jason Weaver,27,2013,56,54,79,79,69,66,66.6,0.5
OL,Bobby Massie,26,2012,72,67,81,74,74,72,72,6
OL,Nate Chandler,27,2012,54,63,79,74,74,64,64.8,0.5
OL,Nick Becton,26,2013,55,51,81,68,65,68,68.4,0.7
K,Pat O'Donnell,25,2014,64,64,76,81,78,78,78.3,0.6
K,Robbie Gould,34,2005,47,81,81,93,86,48,48.6,3.8
S,Ryan Mundy,31,2008,58,72,81,66,77,76,76.5,1.5
S,Antrel Rolle,33,2005,58,78,80,72,79,54,54,3.8
S,Omar Bolden,27,2012,72,54,66,66,78,45,45.9,0.8
S,Adrian Amos,23,2015,70,37,82,72,82,49,49.5,0.6
S,Chris Prosinski,29,2011,71,63,83,63,81,60,60.3,0.8
CB,Alan Ball,31,2007,58,73,78,78,77,52,52.2,3
CB,Bryce Callahan,24,2015,56,36,79,63,84,36,36.9,0.5
CB,Demontre Hurst,25,2013,55,57,82,71,81,31,31.5,0.6
CB,Tracy Porter,29,2008,72,71,68,63,82,36,36,4
CB,Kyle Fuller,24,2014,82,67,79,77,82,65,65.7,2.4
CB,Sherrick McManis,28,2010,65,58,68,71,80,60,60.3,1.4
DL,Greg Scruggs,25,2012,59,49,81,72,72,59,59.4,0.7
DL,Eddie Goldman,22,2015,79,54,76,72,69,76,76.5,1.4
DL,Mitch Unrein,29,2010,53,65,79,75,71,67,67.5,1.1
DL,Ego Ferguson,24,2014,78,60,80,74,68,75,75.6,1
DL,Will Sutton,24,2014,73,58,78,73,72,72,72,0.7
DL,Akiem Hicks,26,2012,72,68,83,73,77,74,74.7,5
LB,Jerrell Freeman,30,2008,54,69,82,74,71,72,72,4
LB,Lamin Barrow,25,2014,69,49,83,70,53,57,57.6,0.6
LB,Lamarr Houston,28,2010,74,73,78,73,74,74,74.7,7
LB,Sam Acho,27,2011,71,63,85,73,73,68,68.4,0.8
LB,Willie Young,30,2010,61,68,81,65,64,66,66.6,3
LB,Danny Trevathan,26,2012,63,70,84,82,67,74,74.7,6.1
LB,Pernell McPhee,27,2011,66,76,78,73,86,76,76.5,7.8
LB,Leonard Floyd,23,2016,94,58,76,72,76,72,72,3.9
LB,Cornelius Washington,26,2013,63,54,78,81,77,69,69.3,0.6
LB,Christian Jones,25,2014,55,62,84,68,51,54,54,0.5
END_PLAYERS
######################################################################  LIONS
Detroit Lions, DET
QB,Matthew Stafford,28,2009,87,68,75,89,76,35,35.1,17.7
QB,Dan Orlovsky,32,2005,62,63,81,71,64,18,18,1.1
RB,George Winn,25,2013,55,48,81,77,78,59,59.4,0.6
RB,Zach Zenner,24,2015,56,45,79,73,77,43,43.2,0.5
RB,Stevan Ridley,27,2011,75,66,73,81,72,62,62.1,0.8
RB,Ameer Abdullah,23,2015,79,54,75,54,78,78,78.3,1
RB,Theo Riddick,25,2013,63,61,82,57,73,78,78.3,0.6
WR,Eric Ebron,23,2014,82,55,81,70,77,67,67.5,3.1
WR,Ryan Spadola,25,2013,56,46,82,68,79,64,64.8,0.6
WR,Brandon Pettigrew,31,2009,78,72,80,67,67,36,36,4
WR,Lance Moore,32,2005,58,75,77,72,73,69,69.3,1.1
WR,Corey Fuller,25,2013,69,58,81,70,81,71,71.1,0.6
WR,Andre Caldwell,31,2008,68,71,67,68,80,76,76.5,0.9
WR,Jeremy Kerley,27,2011,66,72,81,77,75,81,81,0.9
WR,TJ Jones,23,2014,65,45,84,72,80,72,72.9,0.6
WR,Golden Tate,27,2010,74,76,80,82,79,88,88.2,6.2
WR,Marvin Jones,26,2012,67,66,67,75,79,67,67.5,8
WR,Andre Roberts,28,2010,71,69,83,70,80,76,76.5,0.5
OL,Larry Warford,25,2013,77,71,87,80,73,84,84.6,0.8
OL,Michael Ola,28,2014,55,63,82,75,68,71,71.1,0.6
OL,Cornelius Lucas,24,2014,55,62,82,67,67,71,71.1,0.5
OL,Corey Robinson,24,2015,61,41,81,80,71,71,71.1,0.6
OL,Gabe Ikard,25,2014,55,63,82,65,65,68,68.4,0.6
OL,Riley Reiff,27,2012,81,69,83,78,80,78,78.3,2
OL,Taylor Decker,21,2016,85,58,76,76,84,72,72.9,2.7
OL,Laken Tomlinson,24,2015,79,57,82,78,76,70,70.2,2.1
OL,Travis Swanson,25,2014,73,65,84,73,76,65,65.7,0.7
OL,Geoff Schwartz,29,2008,55,68,71,81,77,67,67.5,0.8
K,Sam Martin,26,2013,68,72,82,86,85,64,64.8,0.6
K,Matt Prater,31,2006,49,71,76,86,80,63,63.9,3
S,Tavon Wilson,26,2012,76,61,85,70,78,62,62.1,1.1
S,James Ihedigbo,32,2007,58,72,81,69,74,76,76.5,1.6
S,Rafael Bush,29,2010,53,66,78,72,76,81,81,1.5
S,Johnson Bademosi,25,2012,54,62,83,69,79,58,58.5,2.3
S,Glover Quin,30,2009,69,75,79,81,81,65,65.7,4.7
S,Don Carey,29,2009,60,61,78,65,82,66,66.6,1
CB,Nevin Lawson,25,2014,69,54,80,68,80,50,50.4,0.6
CB,Darius Slay,25,2013,77,69,82,78,83,66,66.6,1.3
CB,Crezdon Butler,29,2010,65,56,85,68,80,37,37.8,0.8
CB,Josh Wilson,31,2007,58,73,81,66,82,63,63,1
CB,Alex Carter,21,2015,75,45,75,74,80,49,49.5,0.8
CB,Darrin Walls,28,2011,53,63,82,72,80,58,58.5,0.8
CB,Quandre Diggs,23,2015,65,44,82,70,77,61,61.2,0.6
DL,Haloti Ngata,32,2006,75,85,82,86,76,82,82.8,6
DL,Jermelle Cudjo,29,2010,58,60,82,72,71,65,65.7,0.7
DL,Khyri Thornton,26,2014,74,49,81,78,58,60,60.3,0.7
DL,Wallace Gilberry,31,2008,50,70,81,66,75,60,60.3,1.3
DL,Caraun Reid,24,2014,69,54,77,67,74,64,64.8,0.6
DL,Khyri Thornton,26,2014,74,49,81,78,58,60,60.3,0.7
DL,Devin Taylor,26,2013,68,59,81,59,73,61,61.2,0.6
DL,Gabe Wright,24,2015,74,41,81,80,64,57,57.6,0.7
DL,Ezekiel Ansah,27,2013,58,66,84,84,83,68,68.4,4.6
DL,Stefan Charles,28,2013,54,62,81,70,72,67,67.5,1.8
DL,Tyrunn Walker,26,2012,54,67,76,73,69,63,63.9,1.6
DL,Darryl Tapp,31,2006,58,65,80,63,57,58,58.5,1
LB,Jon Bostic,25,2013,77,66,85,76,56,65,65.7,1
LB,Josh Bynes,26,2011,54,64,75,74,63,65,65.7,0.9
LB,Zaviar Gooden,26,2013,73,61,75,67,54,59,59.4,0.6
LB,Tahir Whitehead,26,2012,67,71,86,81,69,72,72.9,4
LB,Khaseem Greene,27,2013,73,63,76,68,52,62,62.1,0.6
LB,DeAndre Levy,29,2009,69,87,85,86,72,85,85.5,8.4
LB,Jerry Franklin,28,2012,54,58,85,73,49,61,61.2,0.7
LB,Kyle Van Noy,26,2014,78,55,78,73,72,64,64.8,1.3
LB,Stephen Tulloch,31,2006,66,81,81,81,66,84,84.6,5.1
END_PLAYERS
######################################################################  PACKERS
Green Bay Packers, GB
QB,Aaron Rodgers,32,2005,74,85,79,94,91,81,81,22
QB,Brett Hundley,23,2015,70,42,81,81,61,63,63,0.6
RB,John Crockett,24,2015,57,34,81,63,76,70,70.2,0.5
RB,James Starks,30,2010,61,67,70,72,77,63,63.9,3
RB,Aaron Ripkowski,23,2015,65,46,79,54,73,33,33.3,0.6
RB,Eddie Lacy,25,2013,77,76,80,87,76,73,73.8,0.8
WR,Jordy Nelson,31,2008,72,86,78,95,87,71,71.1,9.8
WR,Jeff Janis,25,2014,60,57,85,71,83,49,49.5,0.6
WR,Davante Adams,23,2014,78,63,82,76,77,66,66.6,1
WR,Randall Cobb,25,2011,75,78,78,84,79,84,84.6,10
WR,Jared Abbrederis,25,2014,64,55,80,72,79,62,62.1,0.5
WR,Richard Rodgers,24,2014,73,61,79,71,70,55,55.8,0.7
WR,Ty Montgomery,23,2015,74,49,75,67,80,69,69.3,0.7
OL,David Bakhtiari,24,2013,72,73,80,75,65,82,82.8,0.7
OL,Lane Taylor,26,2013,54,54,81,80,67,65,65.7,2.1
OL,Josh Sitton,30,2008,63,82,75,82,79,86,86.4,6.8
OL,Bryan Bulaga,27,2010,79,72,69,78,74,84,84.6,6.8
OL,TJ Lang,28,2009,69,80,82,77,81,81,81,5.2
OL,JC Tretter,25,2013,72,58,76,80,71,71,71.1,0.6
OL,Corey Linsley,25,2014,69,67,81,85,80,78,78.3,0.6
OL,Don Barclay,27,2012,54,67,80,73,69,71,71.1,0.7
K,Mason Crosby,31,2007,58,68,81,83,81,64,64.8,4
K,Tim Masthay,29,2009,52,67,82,77,71,69,69.3,1.4
S,Micah Hyde,25,2013,68,65,83,73,79,40,40.5,0.6
S,Chris Banjo,26,2013,55,46,84,67,80,66,66.6,0.7
S,Morgan Burnett,27,2010,74,72,76,60,79,76,76.5,6.2
S,Ha Ha Clinton-Dix,23,2014,82,63,85,75,79,74,74.7,2.1
CB,Sam Shields,28,2010,52,73,81,79,79,45,45,9.8
CB,Damarious Randall,23,2015,79,47,81,74,81,54,54.9,2
CB,LaDarius Gunter,24,2015,56,37,81,67,81,63,63,0.5
CB,Quinten Rollins,23,2015,79,44,82,74,79,66,66.6,0.9
CB,Demetri Goodson,27,2014,64,55,67,70,80,50,50.4,0.6
DL,Christian Ringo,24,2015,66,43,76,72,73,60,60.3,0.5
DL,Letroy Guion,29,2008,63,69,79,75,73,63,63,3.7
DL,Datone Jones,25,2013,77,59,78,68,60,63,63,1.9
DL,Mike Pennel,25,2014,55,57,82,78,68,70,70.2,0.5
DL,Kenny Clark,20,2016,81,58,76,81,80,77,77.4,2.3
DL,Mike Daniels,27,2012,67,73,75,70,67,73,73.8,10.3
LB,Lerentee McCray,25,2013,54,59,66,65,71,52,52.2,0.8
LB,Jake Ryan,24,2015,70,52,70,74,67,63,63.9,0.7
LB,Carl Bradford,23,2014,74,62,85,71,58,64,64.8,0.5
LB,Sam Barrington,25,2013,59,63,84,78,71,62,62.1,0.6
LB,Julius Peppers,36,2002,81,84,81,72,70,76,76.5,8.7
LB,Clay Matthews,30,2009,73,81,79,90,85,88,88.2,13.2
LB,Nick Perry,26,2012,76,68,87,72,74,65,65.7,5.1
END_PLAYERS
######################################################################  VIKINGS
Minnesota Vikings, MIN
QB,Teddy Bridgewater,23,2014,87,78,69,80,78,74,74.7,63
QB,Shaun Hill,36,2002,50,45,71,72,69,65,65.7,18
QB,Taylor Heinicke,23,2015,63,56,43,80,71,69,69.3,58.5
RB,Adrian Peterson,31,2007,95,85,81,78,93,90,90,91.8
RB,Matt Asiata,28,2011,60,54,72,85,81,69,69.3,36
RB,Zach Line,26,2013,61,54,45,82,74,74,74.7,48.6
RB,Jerick McKinnon,24,2014,82,73,57,76,45,83,83.7,78.3
WR,Charles Johnson,27,2013,71,63,63,81,74,81,81.9,62.1
WR,Jarius Wright,26,2012,80,72,68,84,74,81,81.9,77.4
WR,Adam Thielen,25,2013,62,55,63,81,72,79,79.2,57.6
WR,Stefon Diggs,22,2015,78,70,53,68,75,81,81,79.2
WR,Cordarrelle Patterson,25,2013,86,77,62,84,64,81,81,85.5
WR,Laquon Treadwell,21,2016,95,85,67,76,81,76,76.5,76.5
WR,Kyle Rudolph,26,2011,84,75,66,70,72,67,67.5,44.1
OL,TJ Clemmings,24,2015,83,74,40,82,75,76,76.5,70.2
OL,Andre Smith,29,2009,97,87,69,79,85,76,76.5,79.2
OL,Brandon Fusco,27,2011,74,66,67,75,80,72,72,76.5
OL,Alex Boone,29,2009,58,52,77,81,81,78,78.3,75.6
OL,Matt Kalil,26,2012,100,90,75,82,80,73,73.8,65.7
OL,John Sullivan,30,2008,66,59,83,84,78,81,81,70.2
OL,Austin Shepherd,24,2015,68,61,54,82,65,69,69.3,63.9
OL,Joe Berger,34,2005,63,56,69,81,76,75,75.6,71.1
K,Jeff Locke,26,2013,76,68,61,87,78,77,77.4,64.8
K,Blair Walsh,26,2012,70,63,70,85,93,84,84.6,63
S,Michael Griffin,31,2007,85,76,72,84,66,81,81,66.6
S,Andrew Sendejo,28,2010,59,53,64,81,70,79,79.2,72.9
S,Harrison Smith,27,2012,85,76,73,85,82,81,81,82.8
CB,Captain Munnerlyn,28,2009,67,60,75,81,81,82,82.8,58.5
CB,Jabari Price,23,2014,67,60,43,78,71,81,81,43.2
CB,Xavier Rhodes,26,2013,86,77,70,79,83,81,81,63
CB,Terence Newman,37,2003,91,81,81,79,74,76,76.5,58.5
CB,Melvin White,25,2013,62,55,62,82,72,74,74.7,52.2
CB,Marcus Sherels,28,2010,59,53,63,79,63,86,86.4,35.1
CB,Trae Waynes,23,2015,93,83,52,79,87,82,82.8,36
DL,Justin Trattou,27,2011,60,54,53,78,67,68,68.4,63
DL,Brian Robison,33,2007,75,67,78,84,73,54,54,58.5
DL,Zach Moore,25,2014,72,64,44,82,70,63,63.9,71.1
DL,Danielle Hunter,21,2015,83,74,42,81,69,52,52.2,58.5
DL,Bruce Gaston,24,2014,64,57,52,84,82,70,70.2,72.9
DL,Kenrick Ellis,28,2011,79,71,62,79,82,72,72.9,76.5
DL,Linval Joseph,27,2010,83,74,69,78,85,73,73.8,79.2
DL,Scott Crichton,24,2014,87,78,51,84,74,72,72.9,67.5
DL,Everson Griffen,28,2010,78,70,73,79,68,84,84.6,63.9
DL,Sharrif Floyd,24,2013,91,81,68,83,75,79,79.2,81.9
DL,Tom Johnson,31,2006,59,53,70,78,72,79,79.2,66.6
DL,Shamar Stephen,25,2014,72,64,55,81,76,68,68.4,76.5
LB,Eric Kendricks,24,2015,88,79,56,74,78,51,51.3,67.5
LB,Chad Greenway,33,2006,84,75,81,80,71,68,68.4,78.3
LB,Casey Matthews,27,2011,65,58,64,81,73,56,56.7,59.4
LB,Emmanuel Lamur,27,2012,60,54,64,79,66,56,56.7,65.7
LB,Audie Cole,27,2012,70,63,65,85,76,65,65.7,65.7
LB,Brandon Watts,25,2014,72,64,44,78,66,57,57.6,44.1
LB,Anthony Barr,24,2014,102,91,67,76,76,83,83.7,68.4
LB,Jason Trusnik,32,2007,65,58,66,79,69,63,63.9,68.4
LB,Travis Lewis,28,2012,70,63,63,78,72,54,54,61.2
LB,Edmond Robinson,24,2015,68,61,40,79,68,45,45.9,40.5
END_PLAYERS
######################################################################  COWBOYS
Dallas Cowboys, DAL
QB,Tony Romo,36,2003,45,82,76,80,82,66,66.6,18
QB,Dak Prescott,23,2016,85,72,82,83,71,63,63,0.5
QB,Jameill Showers,24,2015,57,33,78,81,56,63,63,0.5
QB,Kellen Moore,26,2012,54,62,86,67,73,18,18,0.7
RB,Darren McFadden,28,2008,87,73,64,72,81,51,51.3,1.5
RB,Alfred Morris,27,2012,67,74,84,84,74,60,60.3,1.8
RB,Ezekiel Elliott,20,2016,94,76,81,78,83,76,76.5,6.2
RB,Lance Dunbar,26,2012,54,62,83,48,81,77,77.4,1.3
WR,Gavin Escobar,25,2013,77,57,85,74,68,68,68.4,1.1
WR,Terrance Williams,26,2013,77,70,82,79,78,63,63.9,0.7
WR,Cole Beasley,27,2012,54,69,81,77,78,73,73.8,3.4
WR,James Hanna,26,2012,63,63,81,63,80,65,65.7,2.8
WR,Jason Witten,34,2003,68,87,85,85,68,31,31.5,7.4
WR,Vince Mayle,25,2015,75,46,81,71,74,55,55.8,0.5
WR,Rodney Smith,26,2013,55,45,80,64,78,58,58.5,0.7
WR,Brice Butler,26,2013,63,63,79,69,82,56,56.7,0.6
WR,Devin Street,25,2014,69,58,81,73,78,53,53.1,0.6
WR,Dez Bryant,27,2010,79,81,79,97,84,82,82.8,14
OL,Tyron Smith,25,2011,89,75,78,79,86,84,84.6,12.2
OL,Jared Smith,26,2013,62,57,66,75,72,64,64.8,0.5
OL,Doug Free,32,2007,67,77,83,73,82,72,72.9,5
OL,Zack Martin,25,2014,82,67,87,80,80,86,86.4,2.2
OL,Bryan Witzmann,26,2014,56,55,84,72,72,63,63.9,0.5
OL,La'el Collins,22,2015,56,45,82,74,79,68,68.4,0.5
OL,Joe Looney,25,2012,72,61,76,73,71,61,61.2,0.8
OL,Travis Frederick,25,2013,77,75,81,81,89,75,75.6,1.7
K,Dan Bailey,28,2011,53,75,79,92,95,62,62.1,3.2
K,Chris Jones,25,2013,64,67,82,82,80,73,73.8,0.6
S,Barry Church,28,2010,52,72,87,63,78,82,82.8,2.2
S,Danny McCray,28,2010,58,62,80,66,76,65,65.7,0.8
S,Jeff Heath,25,2013,54,52,81,67,79,58,58.5,1.9
S,JJ Wilcox,27,2013,72,60,81,68,81,78,78.3,0.7
CB,Byron Jones,23,2015,79,50,77,76,84,54,54,2.2
CB,Brandon Carr,30,2008,63,74,87,71,82,45,45,10
CB,Morris Claiborne,26,2012,90,62,79,67,80,39,39.6,3
CB,Isaiah Frey,26,2012,64,60,82,72,80,65,65.7,0.6
CB,Orlando Scandrick,29,2008,63,75,84,87,82,55,55.8,3.8
DL,Tyrone Crawford,26,2012,72,65,78,72,80,73,73.8,9
DL,Jack Crawford,27,2012,67,60,75,62,73,68,68.4,1.1
DL,Ryan Russell,24,2015,70,44,74,69,72,57,57.6,0.6
DL,Terrell McClain,27,2011,75,66,78,82,72,73,73.8,1
DL,DeMarcus Lawrence,24,2014,79,54,82,68,79,61,61.2,1.4
DL,Randy Gregory,23,2015,79,40,73,65,63,59,59.4,1
DL,Greg Hardy,27,2010,58,72,74,77,84,73,73.8,11.3
DL,Cedric Thornton,28,2011,54,71,81,79,71,79,79.2,4.3
DL,Casey Walker,26,2013,56,48,79,76,70,64,64.8,0.5
DL,Nick Hayden,30,2008,58,73,81,75,63,65,65.7,0.8
DL,Lawrence Okoye,24,2013,56,29,81,76,72,54,54.9,0.5
DL,Benson Mayowa,24,2013,54,56,79,63,57,44,44.1,2.8
DL,Jeremy Mincey,32,2007,58,74,81,77,75,70,70.2,1.5
LB,Rolando McClain,26,2010,90,77,80,82,72,76,76.5,4
LB,Anthony Hitchens,24,2014,73,66,84,75,65,68,68.4,0.7
LB,Mark Nzeocha,26,2015,61,40,68,72,50,37,37.8,0.6
LB,Brandon Hepburn,26,2013,62,59,81,73,55,64,64.8,0.5
LB,Damien Wilson,23,2015,70,53,79,72,58,63,63,0.7
LB,Kyle Wilber,27,2012,72,66,79,75,59,65,65.7,1.6
LB,Andrew Gachkar,27,2011,58,69,76,73,71,68,68.4,1.8
LB,Sean Lee,29,2010,74,78,65,82,83,85,85.5,7
END_PLAYERS
######################################################################  GIANTS
New York Giants, NYG
QB,BJ Daniels,26,2013,60,40,76,75,63,57,57.6,0.6
QB,Ryan Nassib,26,2013,73,46,85,79,76,33,33.3,0.7
QB,Eli Manning,35,2004,82,81,88,80,78,27,27,21
RB,Orleans Darkwa,24,2014,56,55,76,76,81,51,51.3,0.6
RB,Nikita Whitlock,25,2014,57,44,82,67,70,37,37.8,0.5
RB,Rashad Jennings,31,2009,65,72,84,81,75,53,53.1,2.5
RB,Shane Vereen,27,2011,76,71,78,47,78,75,75.6,4.1
RB,Will Johnson,27,2012,53,64,83,63,71,52,52.2,1.2
RB,Andre Williams,23,2014,74,63,73,79,77,60,60.3,0.7
RB,Bobby Rainey,28,2012,53,64,83,53,78,74,74.7,0.8
WR,Larry Donnell,27,2012,55,66,82,73,65,44,44.1,1.7
WR,Myles White,26,2013,55,51,81,68,81,76,76.5,0.6
WR,Geremy Davis,24,2015,66,38,74,75,80,57,57.6,0.6
WR,Odell Beckham JR,23,2014,82,73,84,87,82,84,84.6,2.6
WR,Victor Cruz,29,2010,53,75,76,78,79,81,81.9,8.6
WR,Dwayne Harris,28,2011,62,69,79,74,77,79,79.2,3.5
WR,Hakeem Nicks,28,2009,58,72,71,76,76,54,54.9,0.7
WR,Tavarres King,25,2013,69,52,78,65,80,79,79.2,0.6
OL,Byron Stingily,27,2011,62,62,82,73,69,71,71.1,0.8
OL,Dallas Reynolds,32,2009,58,63,81,79,72,62,62.1,0.7
OL,Justin Pugh,25,2013,81,66,81,74,70,74,74.7,2.1
OL,Weston Richburg,24,2014,78,64,82,76,67,73,73.8,1.2
OL,John Jerry,30,2010,75,69,71,81,71,69,69.3,1.7
OL,Ereck Flowers,22,2015,92,51,76,85,77,73,73.8,3.6
OL,Adam Gettis,27,2012,70,51,69,70,72,65,65.7,0.7
OL,Dillon Farrell,25,2014,55,52,82,75,72,65,65.7,0.5
OL,Ryan Seymour,26,2013,64,57,82,74,72,63,63,0.6
OL,Bobby Hart,21,2015,61,53,83,75,72,62,62.1,0.6
OL,Brandon Mosley,27,2012,58,50,79,83,73,63,63.9,0.6
OL,Shane McDermott,24,2015,57,57,81,73,63,68,68.4,0.5
OL,Marshall Newhouse,27,2010,66,70,81,79,72,68,68.4,1.5
K,Josh Brown,37,2003,55,75,81,80,82,57,57.6,2
K,Brad Wing,25,2013,56,60,75,80,75,65,65.7,0.6
S,Cooper Taylor,26,2013,69,45,89,67,79,65,65.7,0.6
S,Craig Dahl,30,2007,58,66,81,62,79,67,67.5,0.9
S,Landon Collins,22,2015,81,46,78,57,81,81,81,1.5
S,Nat Berhe,24,2014,69,39,82,63,81,72,72,0.6
S,Mykkele Thompson,23,2015,71,37,81,64,82,56,56.7,0.6
CB,Trevin Wade,26,2012,59,42,78,65,79,39,39.6,0.6
CB,Dominique Rodgers-Cromartie,30,2008,78,80,81,77,85,45,45,7
CB,Trumaine McBride,30,2007,58,67,80,71,80,46,46.8,1.4
CB,Leon McFadden,25,2013,77,54,81,71,81,29,29.7,0.7
CB,Jayron Hosley,25,2012,58,59,79,72,82,28,28.8,0.7
CB,Janoris Jenkins,27,2012,75,67,80,73,82,45,45,12.5
CB,Tramain Jacobs,24,2014,55,43,81,66,81,44,44.1,0.6
CB,Eli Apple,20,2016,85,58,76,75,84,63,63,3.8
CB,Bennett Jackson,24,2014,65,37,85,72,81,54,54,0.5
DL,Johnathan Hankins,24,2013,78,70,82,83,80,84,84.6,1
DL,Stansly Maponga,25,2013,68,60,74,70,56,49,49.5,0.6
DL,Olivier Vernon,25,2012,76,67,81,83,80,66,66.6,17
DL,Jay Bromley,24,2014,78,48,85,75,75,72,72.9,0.8
DL,Kerry Wynn,25,2014,56,49,84,77,68,69,69.3,0.5
DL,Owamagbe Odighizuwa,24,2015,80,44,66,71,73,67,67.5,0.8
DL,Jason Pierre-Paul,27,2010,80,76,83,76,52,72,72.9,10
DL,Damon Harrison,27,2012,53,74,81,82,76,87,87.3,9.3
DL,Cullen Jenkins,35,2003,58,77,81,78,73,67,67.5,2.7
DL,Montori Hughes,25,2013,68,58,84,75,72,72,72,0.6
DL,George Selvie,29,2010,58,68,77,57,63,57,57.6,1
LB,Mark Herzlich,28,2011,54,69,72,81,49,76,76.5,1.3
LB,Devon Kennard,24,2014,70,66,72,74,79,66,66.6,0.6
LB,Jasper Brinkley,30,2009,64,72,74,81,66,70,70.2,1.8
LB,JT Thomas,27,2011,63,66,72,69,51,68,68.4,3.3
LB,Kelvin Sheppard,28,2011,75,66,85,73,59,63,63.9,0.8
LB,Jonathan Casillas,29,2009,51,67,69,68,47,71,71.1,2.7
LB,Keenan Robinson,26,2012,71,68,76,78,57,66,66.6,2.6
END_PLAYERS
######################################################################  EAGLES
Philadelphia Eagles, PHI
QB,Sam Bradford,28,2010,88,68,63,78,67,26,26.1,17.5
QB,Chase Daniel,29,2009,51,63,81,73,63,45,45,7
QB,Carson Wentz,23,2016,94,67,76,83,80,74,74.7,6.7
RB,Trey Burton,24,2014,55,49,85,51,77,74,74.7,0.5
RB,Kenjon Barner,27,2013,64,44,81,41,78,82,82.8,0.6
RB,Darren Sproles,33,2005,61,78,78,36,78,79,79.2,3.5
RB,Ryan Mathews,29,2010,88,71,71,77,81,69,69.3,3.7
WR,Trey Burton,24,2014,55,49,85,67,77,74,74.7,0.5
WR,Brent Celek,31,2007,63,76,81,65,66,54,54,4.3
WR,Seyi Ajirotutu,29,2010,58,60,82,69,73,49,49.5,0.8
WR,Chris Givens,26,2012,72,62,77,64,82,76,76.5,0.8
WR,Josh Huff,24,2014,73,59,78,72,79,75,75.6,0.7
WR,Nelson Agholor,23,2015,83,45,81,78,82,76,76.5,2.3
WR,Rueben Randle,25,2012,76,70,84,78,80,59,59.4,1
WR,TJ Graham,26,2012,77,63,82,66,81,68,68.4,0.7
WR,Jordan Matthews,23,2014,78,67,85,79,81,58,58.5,1.2
OL,Matt Tobin,26,2013,54,63,82,71,72,63,63.9,0.8
OL,Barrett Jones,26,2013,73,60,72,71,70,76,76.5,0.6
OL,Dennis Kelly,26,2012,67,61,82,77,63,71,71.1,0.9
OL,Allen Barbre,32,2007,68,68,79,75,74,67,67.5,1.5
OL,Brandon Brooks,26,2012,72,71,69,85,87,70,70.2,8
OL,Jason Kelce,28,2011,62,77,81,72,84,70,70.2,6.3
OL,Stefen Wisniewski,27,2011,75,73,84,76,79,66,66.6,1.5
OL,Andrew Gardner,30,2009,61,65,82,78,77,63,63,1.5
OL,Lane Johnson,26,2013,90,62,83,77,82,78,78.3,11.3
OL,Jason Peters,34,2004,46,78,68,88,86,87,87.3,10.3
K,Donnie Jones,35,2004,55,72,78,76,81,67,67.5,1.8
K,Caleb Sturgis,26,2013,68,66,76,83,75,67,67.5,0.6
K,Cody Parkey,24,2014,55,62,82,84,81,63,63.9,0.5
S,Chris Maragos,29,2010,52,67,81,62,81,72,72.9,1.4
S,Rodney McLeod,25,2012,54,66,82,74,81,67,67.5,7
S,Malcolm Jenkins,28,2009,78,74,86,78,82,68,68.4,8.8
S,Ed Reynolds,24,2014,70,44,76,68,81,71,71.1,0.5
CB,Randall Evans,24,2015,66,47,81,68,81,45,45.9,0.5
CB,Nolan Carroll,29,2010,65,64,75,67,81,49,49.5,2.4
CB,JaCorey Shepherd,23,2015,65,44,75,68,79,29,29.7,0.6
CB,Jaylen Watkins,23,2014,74,43,83,75,83,55,55.8,0.6
CB,Ron Brooks,27,2012,72,52,78,63,81,54,54,1.8
CB,Leodis McKelvin,30,2008,77,72,80,74,84,40,40.5,3.1
CB,Eric Rowe,23,2015,79,48,75,72,81,60,60.3,1.2
DL,Mike Martin,25,2012,72,63,78,75,74,62,62.1,0.6
DL,Fletcher Cox,25,2012,81,73,83,76,79,78,78.3,17.1
DL,Taylor Hart,25,2014,69,49,82,68,69,74,74.7,0.6
DL,Bennie Logan,26,2013,77,69,82,79,69,78,78.3,0.8
DL,Beau Allen,24,2014,64,54,83,78,66,74,74.7,0.6
DL,Vinny Curry,27,2012,76,65,81,69,72,62,62.1,9.5
DL,Steven Means,26,2013,70,45,83,62,73,74,74.7,0.6
LB,Brandon Graham,28,2010,79,72,70,77,83,72,72.9,6.5
LB,Nigel Bradham,26,2012,72,69,86,78,69,68,68.4,3.5
LB,Mychal Kendricks,25,2012,76,77,78,81,76,76,76.5,7.3
LB,Marcus Smith,24,2014,78,54,80,75,77,55,55.8,1.9
LB,Connor Barwin,29,2009,73,77,84,71,85,78,78.3,6
LB,Jordan Hicks,24,2015,74,54,66,72,57,52,52.2,0.7
LB,Bryan Braman,29,2011,53,67,79,70,71,63,63,1
LB,Najee Goode,27,2012,67,59,79,66,63,54,54.9,0.8
END_PLAYERS
######################################################################  REDSKINS
Washington Redskins, WAS
QB,Kirk Cousins,27,2012,76,59,79,75,63,27,27,20
QB,Colt McCoy,29,2010,70,62,79,72,66,54,54,3
RB,Chris Thompson,25,2013,69,53,63,32,81,72,72.9,0.7
RB,Silas Redd,24,2014,55,49,73,71,73,65,65.7,0.5
RB,Darrel Young,29,2009,49,70,81,75,73,40,40.5,1.3
RB,Matt Jones,23,2015,74,50,68,81,76,54,54,0.7
WR,Jamison Crowder,23,2015,75,56,81,73,81,76,76.5,0.7
WR,Josh Doctson,23,2016,85,67,76,76,82,76,76.5,2.5
WR,Ryan Grant,25,2014,69,58,78,75,78,63,63.9,0.6
WR,Pierre Garcon,29,2008,59,76,81,77,78,76,76.5,8.5
WR,DeSean Jackson,29,2008,72,79,77,82,100,87,87.3,6
WR,Jordan Reed,25,2013,72,67,75,86,72,70,70.2,9.4
WR,Niles Paul,26,2011,66,62,83,69,79,54,54,2
OL,Austin Reiter,24,2015,66,50,81,69,69,64,64.8,0.5
OL,Trent Williams,27,2010,88,75,83,82,76,82,82.8,13.6
OL,Arie Kouandjio,24,2015,74,46,65,75,72,64,64.8,0.7
OL,Morgan Moses,25,2014,78,54,76,80,71,75,75.6,0.8
OL,Shawn Lauvao,28,2010,70,73,79,77,72,74,74.7,4.3
OL,Al Bond,24,2015,57,54,82,72,75,60,60.3,0.5
OL,Spencer Long,25,2014,73,48,70,79,74,70,70.2,0.7
OL,Kory Lichtensteiger,31,2008,69,79,72,73,80,77,77.4,3.5
OL,Brandon Scherff,24,2015,92,57,76,74,80,72,72,5.3
OL,Josh LeRibeus,26,2012,76,55,78,79,74,68,68.4,0.9
OL,Ty Nsekhe,30,2012,56,59,76,76,71,63,63.9,0.6
K,Dustin Hopkins,25,2013,64,54,78,83,72,66,66.6,0.6
K,Tress Way,26,2013,55,68,82,87,81,60,60.3,1.5
S,Kyshoen Jarrett,23,2015,65,34,73,55,81,74,74.7,0.6
S,Duke Ihenacho,27,2012,54,64,80,61,79,76,76.5,0.7
CB,DeAngelo Hall,32,2004,82,66,72,77,78,45,45,4.3
CB,Will Blackmon,31,2006,67,69,71,70,77,27,27,1
CB,Jeremy Harris,25,2013,64,56,83,67,79,45,45,0.5
CB,Cary Williams,31,2008,58,73,81,78,82,40,40.5,0.9
CB,Josh Norman,28,2012,67,73,87,93,81,56,56.7,15
CB,Greg Toler,31,2009,64,71,78,77,79,40,40.5,0.8
CB,Bashaud Breeland,24,2014,73,57,80,65,80,49,49.5,0.7
DL,Stephen Paea,28,2011,75,72,76,88,80,74,74.7,5.3
DL,Kendall Reyes,26,2012,76,66,81,80,69,71,71.1,2.5
DL,Chris Baker,28,2009,54,66,79,78,74,69,69.3,3
DL,Kedric Golston,33,2006,57,66,74,76,69,69,69.3,1
DL,Ricky Jean-Francois,29,2009,55,69,73,74,71,76,76.5,3
DL,Jerrell Powe,29,2011,63,64,79,82,72,76,76.5,0.8
DL,Lynden Trail,25,2015,57,35,84,63,61,39,39.6,0.5
LB,Will Compton,26,2013,55,62,81,72,64,62,62.1,0.6
LB,Ryan Kerrigan,27,2011,80,78,82,74,87,79,79.2,11.5
LB,Preston Smith,23,2015,79,49,83,71,76,60,60.3,1.4
LB,Martrell Spaight,22,2015,70,45,79,76,59,46,46.8,0.6
LB,Adam Hayward,31,2007,58,67,81,71,45,66,66.6,1
LB,Junior Galette,28,2010,52,81,82,71,78,78,78.3,1.6
LB,Trent Murphy,25,2014,78,64,81,79,75,66,66.6,1.1
LB,Terence Garvin,25,2013,54,55,82,70,57,58,58.5,0.8
LB,Mason Foster,27,2011,71,72,78,75,64,72,72.9,1.3
END_PLAYERS
######################################################################  FALCONS
Atlanta Falcons, ATL
QB,Matt Simms,27,2012,54,40,76,77,64,22,22.5,0.6
QB,Sean Renfree,26,2013,59,51,76,75,74,18,18,0.6
QB,Matt Ryan,31,2008,86,79,85,80,79,18,18,20.8
QB,Matt Schaub,34,2004,64,73,72,72,66,18,18,2.8
RB,Tevin Coleman,23,2015,79,47,73,76,83,63,63,0.8
RB,Devonta Freeman,24,2014,73,61,84,59,77,69,69.3,0.7
RB,Patrick DiMarco,27,2011,54,69,82,65,65,57,57.6,0.7
RB,Gus Johnson,22,2015,57,45,76,67,76,63,63,0.5
WR,Julio Jones,27,2011,89,73,74,93,91,78,78.3,14.3
WR,Aldrick Robinson,27,2011,63,63,81,66,81,79,79.2,0.7
WR,Justin Hardy,24,2015,74,51,82,78,78,72,72.9,0.7
WR,CJ Goodwin,26,2014,57,36,81,61,81,57,57.6,0.5
WR,Devin Hester,33,2006,71,72,80,66,81,84,84.6,3
WR,Eric Weems,30,2007,49,70,76,68,75,83,83.7,1.1
WR,Jacob Tamme,31,2008,63,72,79,72,73,42,42.3,1.6
WR,Mohamed Sanu,26,2012,72,67,82,67,77,65,65.7,6.5
OL,Chris Chester,33,2006,71,72,76,73,68,77,77.4,2.4
OL,Ryan Schraeder,28,2013,54,65,82,74,71,81,81.9,2.6
OL,Alex Mack,30,2009,78,76,88,81,82,77,77.4,9
OL,Jake Matthews,24,2014,91,67,88,76,72,73,73.8,4.1
OL,Ben Garland,28,2010,55,54,82,69,71,68,68.4,0.6
OL,Andy Levitre,30,2009,73,79,85,76,76,68,68.4,7.8
OL,Bryce Harris,27,2012,54,59,83,73,71,66,66.6,0.8
OL,James Stone,24,2014,55,64,81,71,66,65,65.7,0.5
OL,Tom Compton,27,2012,63,62,84,81,76,63,63,0.8
K,Matt Bosher,28,2011,62,74,82,82,87,68,68.4,2.5
K,Matt Bryant,41,2002,45,79,72,81,84,50,50.4,2.8
S,Akeem King,23,2015,61,40,82,63,80,58,58.5,0.5
S,Kemal Ishmael,25,2013,59,61,81,67,81,71,71.1,0.6
S,Keanu Neal,20,2016,85,58,76,71,81,78,78.3,2.7
S,Charles Godfrey,30,2008,72,65,84,64,82,62,62.1,1
CB,Ricardo Allen,24,2014,70,45,83,69,80,49,49.5,0.5
CB,DeMarcus Van dyke,27,2011,72,53,78,61,83,35,35.1,0.7
CB,Jalen Collins,23,2015,79,39,76,70,79,36,36,1.4
CB,Desmond Trufant,25,2013,81,71,86,84,83,37,37.8,2
CB,Robert Alford,27,2013,77,62,72,67,82,42,42.3,0.9
DL,Vic Beasley,23,2015,92,49,81,78,68,56,56.7,3.6
DL,Jonathan Babineaux,34,2005,70,78,79,78,58,67,67.5,3
DL,Adrian Clayborn,28,2011,80,63,78,78,72,72,72.9,4.3
DL,Ra'Shede Hageman,25,2014,78,47,84,82,74,74,74.7,1.3
DL,Malliciah Goodman,26,2013,68,62,85,75,68,66,66.6,0.6
DL,Kroy Biermann,30,2008,58,67,79,71,51,67,67.5,1.9
DL,Grady Jarrett,23,2015,70,45,75,80,71,57,57.6,0.6
DL,Tyson Jackson,30,2009,87,76,85,78,64,75,75.6,5
DL,Derrick Shelby,27,2012,54,61,81,68,74,65,65.7,4.5
LB,Courtney Upshaw,26,2012,76,69,88,79,77,68,68.4,1.3
LB,Tyler Starr,25,2014,60,35,84,64,56,62,62.1,0.6
LB,LaRoy Reynolds,25,2013,54,60,79,70,63,59,59.4,0.7
LB,Sean Weatherspoon,28,2010,80,72,76,68,78,69,69.3,1.5
LB,Brooks Reed,29,2011,75,72,83,77,76,72,72,4.4
LB,Paul Worrilow,26,2013,54,72,81,79,62,72,72,2.6
LB,Philip Wheeler,31,2008,68,76,82,73,73,72,72,1
LB,O'Brien Schofield,29,2010,58,68,70,71,58,63,63,1.7
END_PLAYERS
######################################################################  PANTHERS
Carolina Panthers, CAR
QB,Derek Anderson,33,2005,56,65,81,82,64,18,18,2.4
QB,Joe Webb,29,2010,61,59,79,80,59,69,69.3,0.9
QB,Cam Newton,27,2011,89,74,86,96,87,84,84.6,20.8
RB,Mike Tolbert,30,2008,50,77,81,76,68,49,49.5,1.7
RB,Cameron Artis-Payne,25,2015,70,39,81,70,79,63,63,0.6
RB,Fozzy Whittaker,27,2012,54,59,72,50,78,64,64.8,0.7
RB,Jonathan Stewart,29,2008,77,71,67,63,77,86,86.4,7.3
WR,Corey Brown,24,2014,55,63,83,71,79,78,78.3,0.5
WR,Laron Byrd,26,2012,55,46,79,64,80,55,55.8,0.5
WR,Ted Ginn Jr,31,2007,85,72,81,68,79,81,81,2.1
WR,Kelvin Benjamin,25,2014,78,70,81,81,76,58,58.5,1.9
WR,Devin Funchess,22,2015,79,52,79,72,80,68,68.4,1.4
WR,Stephen Hill,25,2012,77,54,76,57,82,55,55.8,0.6
WR,Tobais Palmer,26,2013,57,54,79,62,81,70,70.2,0.5
WR,Brenton Bersin,26,2012,55,57,81,70,75,55,55.8,0.6
WR,Cobi Hamilton,25,2013,66,51,83,72,77,76,76.5,0.5
WR,Greg Olsen,31,2007,72,80,83,80,74,60,60.3,7.5
OL,Michael Oher,30,2009,78,72,87,85,67,70,70.2,3.5
OL,Andrew Norwell,24,2014,55,64,82,72,79,75,75.6,0.5
OL,Tyler Larsen,24,2014,57,52,86,83,67,69,69.3,0.5
OL,Tyronne Green,30,2009,58,62,79,75,72,65,65.7,0.7
OL,Chris Scott,28,2010,67,64,66,82,67,69,69.3,0.8
OL,Reese Dismukes,23,2015,57,56,76,72,70,64,64.8,0.5
OL,Daryl Williams,23,2015,74,50,80,78,76,65,65.7,0.7
OL,Trai Turner,23,2014,73,65,82,79,74,79,79.2,0.7
OL,Mike Remmers,27,2012,54,64,80,71,70,79,79.2,2.6
OL,David Yankey,24,2014,70,55,81,75,76,65,65.7,0.5
OL,Donald Hawkins,24,2014,56,49,81,72,67,72,72,0.5
OL,Gino Gradkowski,27,2012,72,66,83,75,70,63,63.9,1.1
OL,Amini Silatolu,27,2012,58,63,76,78,74,64,64.8,1.2
OL,Ryan Kalil,31,2007,72,81,82,79,85,67,67.5,8.4
K,Graham Gano,29,2009,52,72,81,88,80,69,69.3,3.1
K,Mike Scifres,35,2003,60,78,68,78,81,55,55.8,0.5
S,Tre Boston,23,2014,69,63,82,74,79,77,77.4,0.7
S,Dean Marlowe,23,2015,56,36,84,63,79,67,67.5,0.5
S,Trenton Robinson,26,2012,63,55,75,67,82,58,58.5,0.8
S,Colin Jones,28,2011,62,62,79,62,85,63,63,0.9
S,Kurt Coleman,27,2010,56,70,79,72,81,60,60.3,1.4
CB,Bene Benwikere,24,2014,58,69,83,81,77,40,40.5,0.6
CB,Teddy Williams,27,2010,54,48,72,60,83,13,13.5,0.9
CB,Charles Tillman,35,2003,58,80,68,75,76,69,69.3,2
CB,Robert McClain,27,2010,58,63,81,66,77,48,48.6,0.8
DL,Paul Soliai,32,2007,67,77,78,83,64,74,74.7,3.5
DL,Vernon Butler,22,2016,81,58,76,81,82,81,81.9,2.1
DL,Robert Thomas,25,2014,57,47,75,84,66,68,68.4,0.5
DL,Wes Horton,26,2013,54,64,79,68,72,65,65.7,0.7
DL,Matthew Masifilo,26,2012,56,60,82,83,40,40,40.5,0.6
DL,Mario Addison,28,2011,53,65,81,65,62,63,63,1.3
DL,Kawann Short,27,2013,77,65,85,77,78,72,72,1.2
DL,Larry Webster,26,2014,70,45,79,60,58,60,60.3,0.5
DL,Star Lotulelei,26,2013,81,69,79,86,77,82,82.8,2.4
DL,Kyle Love,29,2010,54,66,75,75,67,69,69.3,0.8
DL,Frank Alexander,26,2012,58,56,70,66,56,59,59.4,0.6
DL,Charles Johnson,29,2007,63,79,82,83,83,60,60.3,3
DL,Kony Ealy,24,2014,78,55,82,71,75,61,61.2,0.9
LB,AJ Klein,24,2013,68,64,81,73,64,67,67.5,0.6
LB,Thomas Davis,33,2005,74,80,71,91,82,90,90,9
LB,Luke Kuechly,25,2012,90,86,87,97,79,97,97.2,12.4
LB,Shaq Thompson,22,2015,79,50,83,78,57,64,64.8,2.2
LB,Ben Jacobs,28,2011,54,63,85,70,66,62,62.1,0.7
LB,David Mayo,22,2015,70,46,70,76,54,57,57.6,0.6
END_PLAYERS
######################################################################  SAINTS
New Orleans Saints, NO
QB,Drew Brees,37,2001,66,87,86,87,90,18,18,20
QB,Garrett Grayson,25,2015,74,48,74,80,67,34,34.2,0.9
QB,Luke McCown,34,2004,64,68,73,74,65,36,36,1.5
RB,CJ Spiller,28,2010,70,72,73,49,83,79,79.2,4
RB,Marcus Murphy,24,2015,61,43,69,33,77,77,77.4,0.6
RB,Mark Ingram,26,2011,75,71,74,78,76,62,62.1,4
RB,Tim Hightower,30,2008,66,71,76,76,73,49,49.5,0.8
RB,Travaris Cadet,27,2012,54,60,74,58,73,72,72.9,0.8
WR,Coby Fleener,27,2012,76,65,76,77,78,58,58.5,7.2
WR,Vincent Brown,27,2011,72,68,78,70,75,64,64.8,0.5
WR,Brandin Cooks,22,2014,82,67,82,78,85,82,82.8,2.1
WR,Michael Hoomanawanui,27,2010,65,69,71,67,69,31,31.5,1.7
WR,Josh Hill,26,2013,54,62,80,72,73,49,49.5,2.4
WR,Brandon Coleman,23,2014,56,41,79,73,77,56,56.7,0.5
OL,Tim Lelito,26,2013,54,67,86,80,76,72,72,1.7
OL,Mike McGlynn,31,2008,58,72,83,78,63,69,69.3,0.9
OL,Max Unger,30,2009,73,81,80,76,85,75,75.6,6.5
OL,Terron Armstead,24,2013,72,65,82,74,79,77,77.4,16.3
OL,Andrus Peat,22,2015,83,58,81,77,73,79,79.2,2.8
OL,Zach Strief,32,2006,57,79,81,81,73,81,81.9,4
OL,Senio Kelemete,26,2012,68,62,75,77,70,63,63,1.4
K,Kai Forbath,28,2011,54,65,78,77,81,59,59.4,0.8
K,Thomas Morstead,30,2009,64,77,85,85,81,68,68.4,3.6
K,Connor Barth,30,2008,51,66,75,79,83,58,58.5,0.5
S,Jamarca Sanford,30,2009,55,65,82,63,81,78,78.3,1
S,Roman Harper,33,2006,72,70,84,56,76,78,78.3,1.1
S,Kenny Vaccaro,25,2013,81,60,82,81,80,81,81,2.4
S,Jairus Byrd,29,2009,73,75,75,85,80,52,52.2,9
CB,Brandon Dixon,26,2014,65,45,81,68,81,44,44.1,0.5
CB,Kyle Wilson,29,2010,74,65,86,66,81,44,44.1,0.8
CB,Brian Dixon,26,2014,55,55,83,69,80,67,67.5,0.5
CB,PJ Williams,23,2015,74,45,81,73,85,66,66.6,0.8
CB,Keenan Lewis,30,2009,69,69,83,66,80,63,63.9,5.1
CB,Damian Swann,23,2015,70,49,78,70,80,49,49.5,0.6
CB,Tony Carter,30,2009,53,65,79,72,80,36,36.9,0.9
DL,Sheldon Rankins,22,2016,85,58,76,82,74,80,80.1,3.2
DL,Tyeler Davison,23,2015,70,44,79,81,69,76,76.5,0.6
DL,Nick Fairley,28,2011,80,64,78,81,82,77,77.4,3
DL,John Jenkins,26,2013,72,63,79,82,68,78,78.3,0.7
DL,Obum Gwacham,25,2015,65,34,78,66,54,53,53.1,0.6
DL,Kevin Williams,35,2003,58,83,79,76,70,66,66.6,1.5
DL,Cameron Jordan,26,2011,80,74,85,81,74,76,76.5,11
DL,Lawrence Virgil,25,2014,58,44,84,84,72,63,63.9,0.5
LB,Michael Mauti,26,2013,63,56,64,76,47,65,65.7,0.6
LB,Anthony Spencer,32,2007,58,72,74,64,58,72,72,1
LB,Stephone Anthony,23,2015,79,60,81,76,68,57,57.6,1.9
LB,James Laurinaitis,29,2009,73,78,88,70,57,87,87.3,2.8
LB,Nathan Stupar,28,2012,59,65,82,71,54,69,69.3,1.7
LB,Tony Steward,23,2015,65,44,66,70,47,63,63,0.5
LB,Craig Robertson,28,2011,54,72,78,77,67,72,72,1.7
LB,Davis Tull,24,2015,70,37,61,70,59,54,54.9,0.6
LB,Hau'oli Kikaha,23,2015,79,54,70,64,78,49,49.5,1.3
LB,Kasim Edebali,26,2014,55,57,81,63,72,58,58.5,0.5
LB,Dannell Ellerbe,30,2009,51,73,76,66,60,73,73.8,2.5
END_PLAYERS
######################################################################  BUCCANEERS
Tampa Bay Buccaneers, TB
QB,Jameis Winston,22,2015,92,62,87,85,67,58,58.5,6.3
QB,Mike Glennon,26,2013,77,62,86,83,65,18,18,0.8
RB,Mike James,25,2013,63,58,76,68,78,57,57.6,0.6
RB,Doug Martin,27,2012,76,67,79,60,79,66,66.6,7.2
RB,Storm Johnson,23,2014,65,55,83,74,76,47,47.7,0.6
RB,Charles Sims,25,2014,78,58,75,57,80,69,69.3,0.8
WR,Freddie Martino,24,2014,57,45,81,69,80,71,71.1,0.5
WR,Mike Evans,22,2014,91,66,86,91,78,66,66.6,3.7
WR,Louis Murphy Jr,29,2009,58,70,70,69,81,78,78.3,1.6
WR,Kenny Bell,24,2015,70,52,77,68,83,65,65.7,0.6
WR,Austin Seferian-Jenkins,23,2014,78,43,74,72,77,52,52.2,1.3
WR,Luke Stocker,27,2011,71,64,74,59,72,39,39.6,1.6
WR,Vincent Jackson,33,2005,70,81,79,81,75,43,43.2,11.1
WR,Russell Shepard,25,2013,54,44,83,71,80,64,64.8,1.7
WR,Bernard Reedy,24,2014,57,54,81,72,79,72,72.9,0.5
WR,Evan Spencer,23,2015,66,46,81,66,81,56,56.7,0.5
OL,Demar Dotson,30,2009,51,73,82,78,71,81,81.9,1.5
OL,Kevin Pamphile,25,2014,69,58,83,73,76,66,66.6,0.6
OL,Evan Smith,29,2009,52,73,79,77,78,68,68.4,3.6
OL,Donovan Smith,22,2015,79,49,78,78,75,71,71.1,1.5
OL,Joe Hawley,27,2010,70,66,81,74,70,72,72.9,1.7
OL,Josh Allen,24,2014,57,45,81,80,70,66,66.6,0.6
OL,Andre Davis,22,2015,57,40,83,73,63,73,73.8,0.5
OL,Ali Marpet,23,2015,79,44,81,77,73,68,68.4,0.9
OL,Gosder Cherilus,31,2008,77,78,78,79,73,65,65.7,3.5
OL,JR Sweezy,27,2012,58,69,73,75,78,64,64.8,6.5
K,Bryan Anger,27,2012,76,70,87,85,82,64,64.8,1.8
K,Roberto Aguayo,22,2016,81,58,76,85,85,67,67.5,1
S,Major Wright,27,2010,70,63,85,63,81,78,78.3,1.5
S,Bradley McDougald,25,2013,58,64,80,72,75,53,53.1,2.6
S,Gerod Holliman,22,2015,58,37,77,73,81,55,55.8,0.5
S,Keith Tandy,27,2012,67,54,83,71,83,63,63,0.9
CB,Johnthan Banks,26,2013,77,67,87,75,79,56,56.7,1.2
CB,Mike Jenkins,31,2008,58,67,82,66,82,39,39.6,0.8
CB,Brent Grimes,32,2006,49,81,81,76,81,42,42.3,6.8
CB,Alterraun Verner,27,2010,70,80,81,83,80,37,37.8,6.4
CB,Vernon Hargreaves III,21,2016,85,58,76,78,85,63,63,3.5
DL,Cliff Matthews,26,2011,58,54,75,68,66,60,60.3,0.8
DL,George Johnson,28,2010,54,66,73,60,66,57,57.6,2.3
DL,Akeem Spence,24,2013,72,63,85,81,60,66,66.6,0.7
DL,William Gholston,24,2013,68,59,78,69,73,68,68.4,0.6
DL,Robert Ayers,30,2009,78,66,78,71,80,63,63,6.5
DL,Tony McDaniel,31,2006,58,73,79,79,72,70,70.2,1.5
DL,AJ Francis,26,2013,55,44,81,71,65,78,78.3,0.6
DL,Jacquies Smith,26,2012,55,62,75,62,62,57,57.6,0.6
DL,Henry Melton,29,2010,58,74,66,74,77,62,62.1,3.8
DL,Larry English,30,2009,58,63,71,64,55,63,63,0.9
DL,Clinton McDonald,29,2009,56,70,77,74,75,67,67.5,3
DL,Gerald McCoy,28,2010,88,72,70,91,88,78,78.3,15.9
DL,TJ Fatinikun,24,2014,58,56,73,66,60,58,58.5,0.5
LB,Kwon Alexander,21,2015,74,37,75,69,61,36,36,0.7
LB,Danny Lansanah,30,2008,58,70,81,77,64,71,71.1,0.7
LB,Daryl Smith,34,2004,69,85,79,82,70,85,85.5,2.5
LB,Jeremiah George,24,2014,69,50,82,75,61,63,63,0.6
LB,Adarius Glanton,25,2014,56,48,81,71,57,50,50.4,0.6
LB,Kourtnei Brown,28,2012,56,49,74,71,69,58,58.5,0.5
LB,Lavonte David,26,2012,76,79,87,96,85,94,94.5,10.1
END_PLAYERS
######################################################################  CARDINALS
Arizona Cardinals, ARZ
QB,Matt Barkley,25,2013,72,48,78,75,67,33,33.3,0.7
QB,Drew Stanton,32,2007,72,62,77,80,64,27,27,3.3
QB,Carson Palmer,36,2003,81,77,66,79,74,18,18,16.5
RB,Stepfan Taylor,25,2013,68,60,87,77,71,58,58.5,0.6
RB,Chris Johnson,30,2008,68,72,72,63,85,76,76.5,1.5
RB,Kerwynn Williams,25,2013,60,52,81,48,79,79,79.2,0.6
RB,Andre Ellington,27,2013,63,67,68,53,81,64,64.8,0.6
RB,David Johnson,24,2015,82,75,78,80,82,74,74.7,0.8
WR,JJ Nelson,24,2015,70,45,70,69,86,69,69.3,0.6
WR,John Brown,26,2014,73,67,78,78,84,81,81,0.7
WR,Larry Fitzgerald,32,2004,82,85,84,83,73,48,48.6,11
WR,Darren Fells,30,2013,55,54,81,68,65,45,45,0.6
WR,Brittan Golden,27,2012,55,49,82,69,79,73,73.8,0.5
WR,Jaron Brown,26,2013,54,60,81,72,81,64,64.8,1.7
WR,Michael Floyd,26,2012,81,71,80,81,79,58,58.5,2.5
OL,Jared Veldheer,29,2010,74,76,85,87,78,84,84.6,7
OL,Mike Iupati,29,2010,79,74,81,87,87,66,66.6,8
OL,AQ Shipley,30,2009,58,69,78,78,77,70,70.2,0.8
OL,Taylor Boggs,29,2011,54,63,76,77,70,63,63.9,0.7
OL,Earl Watford,25,2013,72,56,85,76,72,65,65.7,0.6
OL,DJ Humphries,22,2015,83,47,73,79,71,78,78.3,2.2
OL,Antoine McClain,26,2012,56,55,76,72,69,64,64.8,0.5
K,Drew Butler,27,2012,54,63,85,75,84,63,63,1.2
K,Chandler Catanzaro,25,2014,55,65,83,85,81,63,63,0.5
S,Deone Bucannon,23,2014,78,54,84,60,54,66,66.6,1.9
S,Tyvon Branch,29,2008,68,72,75,76,84,66,66.6,4
S,Tyrann Mathieu,24,2013,77,63,75,85,82,75,75.6,0.8
S,DJ Swearinger,24,2013,77,53,81,67,80,83,83.7,1.7
S,Tony Jefferson,24,2013,54,65,73,63,78,76,76.5,1.7
S,Chris Clemons,30,2009,64,66,84,67,84,74,74.7,0.9
CB,Carrington Byndom,23,2014,56,43,83,70,83,31,31.5,0.5
CB,Justin Bethel,26,2012,63,60,83,70,79,58,58.5,5
CB,Asa Jackson,26,2012,67,55,76,64,81,36,36,0.8
CB,Shaun Prater,26,2012,67,53,79,72,81,36,36.9,0.7
CB,Patrick Peterson,25,2011,89,73,87,94,82,64,64.8,14
DL,Frostee Rucker,32,2006,66,79,79,72,72,71,71.1,2.2
DL,Olsen Pierre,24,2015,57,47,81,67,67,72,72.9,0.5
DL,Chandler Jones,26,2012,81,69,75,82,94,76,76.5,2
DL,Calais Campbell,29,2008,72,79,86,78,67,76,76.5,11
DL,Kareem Martin,24,2014,73,54,81,72,70,49,49.5,0.7
DL,Robert Nkemdiche,21,2016,81,58,76,83,71,76,76.5,2.2
DL,Josh Mauro,25,2014,55,54,85,76,63,70,70.2,0.6
DL,Corey Peters,28,2010,70,72,79,70,72,66,66.6,3.1
DL,Rodney Gunter,24,2015,74,41,79,67,62,72,72.9,0.7
DL,Ed Stinson,26,2014,69,50,71,79,70,74,74.7,0.6
LB,Kevin Minter,25,2013,77,65,76,79,57,72,72,1.1
LB,LaMarr Woodley,31,2007,58,73,78,68,75,72,72,1
LB,Shaquille Riddick,23,2015,70,43,79,62,58,46,46.8,0.6
LB,Jason Babin,36,2004,58,77,79,73,78,64,64.8,1
LB,Daryl Washington,29,2010,76,63,81,81,65,72,72,8
LB,Alex Okafor,25,2013,72,65,85,61,76,64,64.8,0.7
LB,Markus Golden,25,2015,79,42,81,65,73,62,62.1,1
LB,Kenny Demens,26,2013,58,56,82,71,63,61,61.2,0.5
END_PLAYERS
######################################################################  RAMS
Los Angeles Rams, LAR
QB,Sean Mannion,24,2015,74,50,80,79,68,33,33.3,0.8
QB,Nick Foles,27,2012,72,65,76,81,71,18,18,12.3
QB,Case Keenum,28,2012,54,58,71,74,66,18,18,3.6
QB,Jared Goff,21,2016,82,67,76,83,80,72,72,7
QB,Dylan Thompson,24,2015,57,44,81,77,69,68,68.4,0.5
RB,Todd Gurley,21,2015,83,48,65,90,90,81,81,3.5
RB,Benny Cunningham,25,2013,54,64,75,75,78,46,46.8,1.7
RB,Terrence Magee,23,2015,57,35,79,66,78,74,74.7,0.5
RB,Tre Mason,22,2014,73,63,79,67,79,73,73.8,0.7
RB,Chase Reynolds,28,2011,54,58,76,59,75,72,72.9,0.9
WR,Tavon Austin,25,2013,90,68,83,69,85,84,84.6,3.2
WR,Deon Long,25,2015,57,41,73,72,80,57,57.6,0.5
WR,Cory Harkey,26,2012,54,70,85,70,61,40,40.5,1.9
WR,Lance Kendricks,28,2011,75,66,84,71,72,56,56.7,4.6
WR,Kenny Britt,27,2009,73,72,73,78,76,64,64.8,4.6
WR,Stedman Bailey,25,2013,72,63,84,75,78,72,72,0.7
WR,Brian Quick,27,2012,76,66,78,75,78,60,60.3,1.8
OL,Garrett Reynolds,28,2009,64,68,87,77,73,66,66.6,1.1
OL,Rodger Saffold,28,2010,74,74,75,75,66,77,77.4,6.3
OL,Cody Wichmann,24,2015,65,45,82,71,66,68,68.4,0.6
OL,Greg Robinson,23,2014,91,66,85,84,79,65,65.7,5.3
OL,Tim Barnes,28,2011,54,65,81,72,68,73,73.8,2.8
OL,Rob Havenstein,24,2015,79,52,81,71,79,63,63.9,1
OL,Demetrius Rhaney,23,2014,60,45,82,74,67,71,71.1,0.6
OL,Jamon Brown,23,2015,79,56,81,78,75,65,65.7,0.8
OL,Eric Kush,26,2013,68,63,78,71,71,68,68.4,1.3
OL,David Arkin,28,2011,73,41,80,81,71,69,69.3,0.7
OL,Andrew Donnal,24,2015,74,57,75,69,70,64,64.8,0.7
OL,Brian Folkerts,26,2012,54,54,85,81,71,67,67.5,0.7
K,Greg Zuerlein,28,2012,67,66,85,85,79,63,63,1.3
K,Johnny Hekker,26,2012,54,71,84,87,87,67,67.5,3
S,LaMarcus Joyner,25,2014,78,55,83,67,83,72,72,1.3
S,TJ McDonald,25,2013,77,64,75,66,81,81,81.9,0.7
S,Maurice Alexander,25,2014,58,34,80,63,81,78,78.3,0.7
S,Christian Bryant,24,2014,61,32,71,66,77,70,70.2,0.5
S,Mark Barron,26,2012,90,65,72,62,60,62,62.1,9
S,Cody Davis,27,2013,54,49,81,64,82,56,56.7,1.5
CB,EJ Gaines,24,2014,64,66,81,76,80,53,53.1,0.6
CB,Marcus Roberson,23,2014,55,42,73,73,81,54,54,0.5
CB,Coty Sensabaugh,27,2012,72,60,85,70,81,37,37.8,5
CB,Trumaine Johnson,26,2012,76,64,78,69,77,66,66.6,14
DL,Aaron Donald,25,2014,82,68,85,92,82,78,78.3,2.5
DL,Ethan Westbrooks,25,2014,55,45,81,67,61,60,60.3,0.5
DL,Dominique Easley,24,2014,79,55,66,73,75,74,74.7,0.6
DL,Robert Quinn,26,2011,80,73,82,87,87,71,71.1,14.3
DL,William Hayes,31,2008,68,72,83,76,74,77,77.4,5.8
DL,Cam Thomas,29,2010,66,66,78,84,69,76,76.5,0.5
DL,Eugene Sims,30,2010,61,64,79,66,60,57,57.6,3.3
DL,Michael Brockers,25,2012,81,66,85,84,73,82,82.8,2.4
LB,Quinton Coples,25,2012,81,69,83,74,78,64,64.8,3.3
LB,Alec Ogletree,24,2013,77,66,78,81,59,67,67.5,1.8
LB,Bryce Hager,24,2015,65,55,74,74,42,67,67.5,0.6
LB,Akeem Ayers,26,2011,75,66,85,72,75,67,67.5,3
END_PLAYERS
######################################################################  SEAHAWKS
Seattle Seahawks, SEA
QB,Russell Wilson,27,2012,80,75,84,92,85,87,87.3,21.9
QB,Tarvaris Jackson,33,2006,72,60,72,83,63,55,55.8,1.5
RB,Derrick Coleman,25,2012,49,64,78,73,78,54,54.9,0.5
RB,Christine Michael,25,2013,77,58,72,80,81,58,58.5,0.7
RB,Fred Jackson,35,2003,58,82,76,78,72,58,58.5,0.9
RB,Thomas Rawls,22,2015,74,42,77,73,81,54,54,0.5
RB,Bryce Brown,25,2010,58,58,77,75,79,60,60.3,0.7
WR,Jermaine Kearse,26,2012,54,71,86,77,80,67,67.5,4.5
WR,George Farmer,22,2015,57,43,67,69,82,49,49.5,0.5
WR,Antwan Goodley,24,2015,56,45,77,73,81,73,73.8,0.5
WR,Doug Baldwin,27,2011,53,76,82,79,78,77,77.4,4.3
WR,Tyler Lockett,23,2015,79,56,72,73,82,78,78.3,0.8
WR,Paul Richardson,24,2014,78,59,69,73,84,68,68.4,1.2
WR,Jimmy Graham,29,2010,70,78,82,91,76,54,54,10
OL,Patrick Lewis,25,2013,54,55,85,75,63,68,68.4,1.7
OL,Kristjan Sokoli,24,2015,65,33,81,80,67,58,58.5,0.6
OL,Mark Glowinski,24,2015,70,49,82,81,72,68,68.4,0.7
OL,Justin Britt,25,2014,78,64,76,77,75,64,64.8,0.9
OL,Garry Gilliam,25,2014,55,54,75,69,72,67,67.5,0.5
OL,Bradley Sowell,27,2012,54,69,81,71,70,68,68.4,1
OL,J'Marcus Webb,27,2010,61,65,83,81,69,70,70.2,2.9
OL,Lemuel Jeanpierre,29,2011,58,66,82,74,71,67,67.5,0.7
OL,Germain Ifedi,22,2016,81,58,76,76,81,74,74.7,2.1
OL,Terry Poole,24,2015,70,44,83,74,64,73,73.8,0.5
K,Steven Hauschka,30,2008,50,74,81,80,83,58,58.5,2.9
K,Jon Ryan,34,2006,48,78,79,80,84,62,62.1,2.5
S,Kelcie McCray,27,2012,54,58,81,64,78,46,46.8,0.7
S,Deshawn Shead,27,2012,54,61,81,65,79,65,65.7,0.8
S,Kam Chancellor,28,2010,65,76,84,73,77,96,96.3,7
S,Earl Thomas III,27,2010,79,77,83,95,82,64,64.8,10
CB,Brandon Browner,31,2005,52,78,79,82,72,65,65.7,0.8
CB,Jeremy Lane,25,2012,67,67,81,76,79,64,64.8,5.8
CB,Eric Pinkins,24,2014,64,46,82,60,48,59,59.4,0.5
CB,Stanley Jean-Baptiste,26,2014,78,41,83,74,81,54,54.9,0.5
CB,Marcus Burley,25,2013,54,60,83,76,84,49,49.5,0.6
CB,Tye Smith,23,2015,70,38,84,70,80,54,54,0.6
CB,Richard Sherman,28,2011,66,87,86,98,80,58,58.5,14
CB,Steven Terrell,25,2013,54,45,81,69,81,63,63,0.6
CB,Tharold Simon,25,2013,68,61,76,72,80,72,72,0.6
DL,Sealver Siliga,27,2011,53,70,81,79,72,81,81,1.1
DL,Michael Bennett,30,2009,75,78,78,90,84,78,78.3,7.1
DL,Jordan Hill,25,2013,72,61,83,75,68,66,66.6,0.7
DL,Cassius Marsh,23,2014,73,47,82,59,72,62,62.1,0.7
DL,Frank Clark,23,2015,79,35,77,65,75,69,69.3,0.9
DL,Ryan Robinson,25,2013,54,51,78,60,55,58,58.5,0.6
DL,Cliff Avril,30,2008,68,78,83,65,68,57,57.6,7.1
DL,Demarcus Dobbs,28,2011,58,65,81,75,70,66,66.6,0.8
DL,Ahtyba Rubin,29,2008,59,76,81,83,63,71,71.1,4
DL,Justin Hamilton,22,2015,56,45,78,76,74,55,55.8,0.5
LB,Nick Moody,26,2013,58,61,69,69,63,67,67.5,0.6
LB,KJ Wright,26,2011,71,77,85,81,70,76,76.5,6.8
LB,Khairi Fortt,24,2014,70,51,70,65,61,57,57.6,0.5
LB,Bobby Wagner,25,2012,76,77,84,87,77,81,81,10.8
LB,Kevin Pierre-Louis,24,2014,69,55,76,72,64,48,48.6,0.7
LB,Brock Coyle,25,2014,55,60,83,71,55,63,63.9,0.5
END_PLAYERS
######################################################################  49ERS
San Francisco 49ers, SF
QB,Colin Kaepernick,28,2011,75,67,85,85,70,72,72,19
QB,Thad Lewis,28,2010,54,58,82,79,63,51,51.3,0.8
QB,Blaine Gabbert,26,2011,72,58,81,79,64,42,42.3,2
RB,Shaun Draughn,28,2011,54,64,78,72,73,58,58.5,0.9
RB,Mike Davis,23,2015,70,49,69,75,79,58,58.5,0.7
RB,Bruce Miller,28,2011,62,70,83,59,72,31,31.5,1.8
RB,Carlos Hyde,24,2014,78,62,82,81,76,59,59.4,0.9
WR,Jerome Simpson,30,2008,74,67,82,70,78,76,76.5,0.9
WR,DeAndre Smelter,24,2015,71,43,65,71,78,69,69.3,0.7
WR,Dres Anderson,23,2015,56,55,67,72,79,75,75.6,0.5
WR,Quinton Patton,25,2013,68,48,81,73,78,76,76.5,0.6
WR,Vance McDonald,26,2013,77,59,79,65,72,46,46.8,0.9
WR,Torrey Smith,27,2011,75,77,83,79,80,74,74.7,8
WR,Bruce Ellington,24,2014,73,47,81,74,81,79,79.2,0.7
OL,Erik Pears,34,2005,49,70,83,77,63,72,72,2.9
OL,Daniel Kilgore,28,2011,66,68,79,80,81,69,69.3,1.8
OL,Joe Staley,31,2007,72,85,81,79,87,81,81,7.4
OL,Ian Silberman,23,2015,65,44,78,72,72,64,64.8,0.6
OL,Brandon Thomas,25,2014,74,48,68,83,74,68,68.4,0.7
OL,Andrew Tiller,26,2012,63,49,81,71,72,64,64.8,0.6
OL,Marcus Martin,22,2014,78,61,74,73,76,66,66.6,0.8
OL,Joshua Garnett,22,2016,81,58,76,76,81,72,72,2.3
OL,Zane Beadles,29,2010,74,72,83,74,66,80,80.1,3.3
K,Phil Dawson,41,2098,43,83,76,82,80,54,54,3.1
K,Bradley Pinion,22,2015,70,49,82,81,70,66,66.6,0.6
S,Eric Reid,24,2013,81,60,81,73,84,83,83.7,2.1
S,LJ McCray,25,2014,55,36,79,62,82,67,67.5,0.5
S,Antoine Bethea,31,2006,57,81,86,76,79,72,72,5.3
S,Jimmie Ward,24,2014,78,53,85,63,81,69,69.3,1.8
S,Jaquiski Tartt,24,2015,79,40,82,59,81,75,75.6,1.3
CB,Keith Reaser,24,2014,70,34,68,66,79,40,40.5,0.6
CB,Chris Davis,25,2014,55,54,83,68,78,70,70.2,0.6
CB,Tramaine Brock,27,2010,52,68,83,71,81,46,46.8,3.5
CB,Kenneth Acker,24,2014,64,42,81,71,80,37,37.8,0.6
CB,Dontae Johnson,24,2014,69,54,82,75,82,54,54,0.7
CB,Marcus Cromartie,25,2013,55,44,81,71,80,49,49.5,0.6
DL,DeForest Buckner,22,2016,94,58,76,81,77,72,72.9,4.5
DL,Arik Armstead,22,2015,83,43,78,76,72,81,81.9,2.5
DL,Tony Jerod-Eddie,26,2012,55,67,81,74,71,73,73.8,1
DL,Glenn Dorsey,30,2008,86,69,79,77,57,67,67.5,4.4
DL,Kaleb Ramsey,27,2014,61,46,64,84,70,75,75.6,0.6
DL,Quinton Dial,25,2013,68,63,76,78,71,77,77.4,4.2
DL,Ian Williams,26,2011,53,68,74,83,70,78,78.3,3
LB,Ahmad Brooks,32,2006,66,74,78,78,70,70,70.2,6.7
LB,Aaron Lynch,23,2014,69,67,79,69,81,63,63,0.6
LB,Eli Harold,22,2015,74,44,82,69,64,48,48.6,0.8
LB,Navorro Bowman,28,2010,70,80,78,87,72,79,79.2,9.1
LB,Gerald Hodges,25,2013,72,70,79,80,52,72,72,0.6
LB,Nick Bellore,27,2011,53,63,78,77,57,64,64.8,0.8
LB,Michael Wilhoite,29,2011,54,69,81,74,59,73,73.8,1.7
LB,Corey Lemonier,24,2013,72,56,81,65,54,58,58.5,0.7
END_PLAYERS
